diff --git a/focus-android/app/src/focusBeta/res/drawable/wordmark2.xml b/focus-android/app/src/focusBeta/res/drawable/wordmark2.xml
index 941979f9e809..604406b76a0f 100644
--- a/focus-android/app/src/focusBeta/res/drawable/wordmark2.xml
+++ b/focus-android/app/src/focusBeta/res/drawable/wordmark2.xml
@@ -249,20 +249,20 @@
       android:fillColor="#20123A"/>
   <path
       android:pathData="M79.18,21.191H95.335V25.529H83.823V31.402H95.335V35.703H83.823V45.196H79.18V21.191ZM100.854,19.515C101.575,19.515 102.266,19.799 102.776,20.304C103.285,20.809 103.572,21.494 103.572,22.208C103.572,22.922 103.285,23.607 102.776,24.112C102.266,24.617 101.575,24.901 100.854,24.901C100.5,24.918 100.146,24.862 99.815,24.736C99.483,24.611 99.182,24.418 98.93,24.172C98.677,23.925 98.479,23.629 98.348,23.303C98.216,22.976 98.155,22.627 98.166,22.275C98.153,21.918 98.213,21.561 98.342,21.226C98.471,20.892 98.667,20.587 98.918,20.329C99.169,20.071 99.47,19.867 99.802,19.727C100.135,19.587 100.493,19.515 100.854,19.515ZM98.589,27.43H103.119V45.196H98.589V27.43ZM116.42,32.359C115.788,31.861 115.008,31.583 114.201,31.566C112.344,31.566 111.279,32.748 111.279,35.344V45.196H106.75V27.43H111.091V29.995C111.408,29.146 111.992,28.42 112.757,27.924C113.522,27.428 114.428,27.19 115.341,27.243C116.417,27.245 117.468,27.566 118.36,28.163L116.42,32.359ZM118.308,36.399C118.273,35.181 118.486,33.969 118.935,32.834C119.383,31.7 120.058,30.667 120.918,29.796C121.778,28.925 122.807,28.235 123.942,27.767C125.077,27.299 126.296,27.062 127.525,27.07C132.893,27.07 136.705,30.811 136.705,36.1V37.97H122.769C123.267,40.214 125.034,41.71 127.706,41.71C128.622,41.74 129.527,41.508 130.314,41.042C131.101,40.577 131.737,39.897 132.145,39.084L135.958,41.329C134.07,44.089 131.383,45.533 127.57,45.533C121.758,45.525 118.292,41.68 118.292,36.399H118.308ZM122.837,34.394H132.251C131.753,32.15 129.896,30.878 127.472,30.878C126.408,30.842 125.365,31.173 124.519,31.814C123.674,32.455 123.079,33.367 122.837,34.394ZM137.815,27.43H141.031V26.547C141.031,21.714 143.084,19.717 147.598,19.717H149.184V23.622H147.893C145.771,23.622 145.311,24.37 145.311,26.547V27.43H149.184V31.507H145.409V45.196H141.031V31.507H137.815V27.43ZM150.044,36.302C150.025,35.081 150.254,33.869 150.717,32.738C151.181,31.606 151.87,30.579 152.743,29.718C153.616,28.856 154.655,28.178 155.798,27.723C156.942,27.268 158.166,27.046 159.398,27.07C160.643,27.035 161.883,27.248 163.043,27.696C164.204,28.144 165.262,28.818 166.156,29.678C167.049,30.539 167.759,31.568 168.244,32.705C168.729,33.842 168.979,35.064 168.979,36.298C168.979,37.532 168.729,38.754 168.244,39.891C167.759,41.028 167.049,42.057 166.156,42.918C165.262,43.778 164.204,44.452 163.043,44.9C161.883,45.348 160.643,45.561 159.398,45.525C158.162,45.566 156.932,45.355 155.781,44.906C154.631,44.458 153.586,43.78 152.71,42.916C151.833,42.052 151.145,41.02 150.687,39.882C150.228,38.745 150.01,37.526 150.044,36.302ZM164.305,36.302C164.274,35.347 163.96,34.423 163.402,33.644C162.844,32.866 162.067,32.267 161.168,31.923C160.269,31.579 159.288,31.505 158.347,31.71C157.406,31.915 156.546,32.39 155.876,33.076C155.205,33.761 154.754,34.628 154.577,35.566C154.4,36.505 154.506,37.475 154.881,38.354C155.257,39.233 155.886,39.984 156.689,40.511C157.492,41.039 158.434,41.321 159.398,41.321C160.055,41.32 160.706,41.189 161.312,40.935C161.917,40.68 162.465,40.308 162.922,39.84C163.38,39.372 163.738,38.817 163.976,38.209C164.213,37.602 164.325,36.953 164.305,36.302ZM174.874,36.1L168.404,27.43H173.847L177.621,32.883L181.532,27.43H186.816L180.256,36.07L187.141,45.196H181.804L177.523,39.414L173.386,45.196H168.049L174.874,36.1Z"
-      android:fillColor="#FBFBFE"/>
+      android:fillColor="@color/contrastColor"/>
   <path
       android:pathData="M214.152,23.801V21.205H198.948V45.211H201.733V34.82H214.152V32.187H201.733V23.801H214.152Z"
-      android:fillColor="#FBFBFE"/>
+      android:fillColor="@color/contrastColor"/>
   <path
       android:pathData="M226.14,27.093C224.294,27.091 222.489,27.632 220.954,28.647C219.418,29.663 218.221,31.106 217.514,32.796C216.806,34.485 216.62,36.344 216.98,38.138C217.339,39.932 218.227,41.581 219.532,42.874C220.836,44.168 222.499,45.049 224.309,45.407C226.119,45.764 227.996,45.582 229.701,44.882C231.406,44.182 232.864,42.997 233.89,41.477C234.915,39.956 235.463,38.168 235.463,36.339C235.479,35.121 235.249,33.912 234.786,32.784C234.324,31.655 233.638,30.629 232.769,29.768C231.9,28.906 230.866,28.226 229.727,27.766C228.589,27.307 227.369,27.078 226.14,27.093ZM226.14,43.012C224.388,42.954 222.727,42.223 221.509,40.975C220.29,39.726 219.609,38.057 219.609,36.32C219.609,34.583 220.29,32.914 221.509,31.666C222.727,30.417 224.388,29.687 226.14,29.629C227.891,29.687 229.552,30.417 230.771,31.666C231.989,32.914 232.67,34.583 232.67,36.32C232.67,38.057 231.989,39.726 230.771,40.975C229.552,42.223 227.891,42.954 226.14,43.012Z"
-      android:fillColor="#FBFBFE"/>
+      android:fillColor="@color/contrastColor"/>
   <path
       android:pathData="M253.431,38.935C252.971,40.139 252.153,41.176 251.085,41.909C250.018,42.643 248.751,43.037 247.452,43.042C246.563,43.043 245.684,42.869 244.864,42.53C244.044,42.191 243.301,41.694 242.677,41.067C242.053,40.44 241.561,39.697 241.23,38.88C240.899,38.063 240.735,37.189 240.748,36.309C240.725,35.435 240.879,34.564 241.2,33.749C241.521,32.934 242.004,32.191 242.62,31.564C243.235,30.937 243.971,30.438 244.784,30.096C245.597,29.755 246.471,29.578 247.354,29.577C248.646,29.546 249.917,29.906 250.996,30.611C252.075,31.316 252.912,32.33 253.393,33.519L255.884,32.434C255.169,30.806 253.983,29.424 252.475,28.464C250.967,27.504 249.206,27.009 247.414,27.041C246.167,27.006 244.925,27.219 243.763,27.667C242.6,28.116 241.54,28.791 240.645,29.653C239.751,30.514 239.039,31.545 238.554,32.684C238.068,33.823 237.818,35.047 237.818,36.283C237.818,37.52 238.068,38.743 238.554,39.882C239.039,41.021 239.751,42.052 240.645,42.913C241.54,43.775 242.6,44.45 243.763,44.899C244.925,45.348 246.167,45.561 247.414,45.526C249.242,45.567 251.039,45.053 252.564,44.053C254.089,43.052 255.269,41.614 255.945,39.93L253.431,38.935Z"
-      android:fillColor="#FBFBFE"/>
+      android:fillColor="@color/contrastColor"/>
   <path
       android:pathData="M271.986,27.452V37.289C271.986,40.708 269.631,43.109 266.475,43.109C263.025,43.109 261.229,40.865 261.229,37.424V27.452H258.473V37.551C258.473,42.548 261.13,45.578 266.022,45.578C267.233,45.606 268.429,45.317 269.49,44.739C270.551,44.161 271.438,43.314 272.062,42.286V45.196H274.719V27.452H271.986Z"
-      android:fillColor="#FBFBFE"/>
+      android:fillColor="@color/contrastColor"/>
   <path
       android:pathData="M285.702,34.955C282.909,34.394 280.758,34.035 280.758,32.195C280.758,30.549 281.882,29.36 284.638,29.36C285.591,29.323 286.538,29.521 287.395,29.934C288.253,30.348 288.994,30.965 289.552,31.731L291.817,30.235C290.224,28.29 287.967,27.078 284.645,27.078C280.395,27.078 277.972,29.479 277.972,32.239C277.972,35.793 281.263,36.616 284.351,37.207C286.971,37.73 289.424,38.127 289.424,40.102C289.424,41.875 287.967,43.191 285.174,43.191C284.042,43.238 282.917,42.997 281.906,42.49C280.894,41.983 280.031,41.228 279.399,40.296L277.043,41.875C278.636,44.119 281.196,45.615 285.114,45.615C289.794,45.615 292.18,42.885 292.18,40.087C292.172,36.399 288.79,35.546 285.702,34.955Z"
-      android:fillColor="#FBFBFE"/>
+      android:fillColor="@color/contrastColor"/>
 </vector>
diff --git a/focus-android/app/src/nightly/res/drawable/wordmark2.xml b/focus-android/app/src/nightly/res/drawable/wordmark2.xml
index 8c243a2a1f4b..ce348bd3aed2 100644
--- a/focus-android/app/src/nightly/res/drawable/wordmark2.xml
+++ b/focus-android/app/src/nightly/res/drawable/wordmark2.xml
@@ -248,34 +248,34 @@
   <path
       android:pathData="M79.175,8.188H95.202V12.518H83.767V18.396H95.202V22.696H83.767V32.149H79.175V8.188ZM100.632,6.512C100.987,6.5 101.342,6.561 101.672,6.692C102.003,6.823 102.303,7.021 102.553,7.274C102.804,7.527 102.999,7.83 103.126,8.162C103.254,8.494 103.311,8.849 103.294,9.205C103.302,9.915 103.027,10.599 102.531,11.107C102.034,11.614 101.357,11.904 100.646,11.912C100.295,11.916 99.946,11.851 99.62,11.72C99.293,11.589 98.996,11.395 98.745,11.149C98.237,10.652 97.947,9.975 97.939,9.265C97.926,8.905 97.986,8.546 98.116,8.21C98.246,7.874 98.443,7.568 98.695,7.31C98.946,7.053 99.248,6.85 99.581,6.712C99.914,6.575 100.271,6.507 100.632,6.512ZM98.388,14.425H102.92V32.149H98.388V14.425ZM116.06,19.346C115.414,18.857 114.626,18.594 113.816,18.598C111.984,18.598 110.93,19.779 110.93,22.337V32.149H106.442V14.425H110.743V16.982C111.062,16.134 111.646,15.411 112.409,14.921C113.171,14.431 114.071,14.199 114.975,14.26C116.042,14.263 117.083,14.583 117.967,15.18L116.06,19.346ZM117.929,23.384C117.895,22.167 118.107,20.955 118.551,19.82C118.995,18.686 119.663,17.653 120.516,16.783C121.368,15.913 122.386,15.223 123.511,14.755C124.635,14.287 125.843,14.05 127.061,14.058C132.378,14.058 136.155,17.798 136.155,23.092V24.962H122.357C122.85,27.206 124.6,28.701 127.248,28.701C128.155,28.73 129.051,28.498 129.831,28.032C130.61,27.567 131.24,26.888 131.645,26.076L135.422,28.32C133.552,31.072 130.89,32.523 127.113,32.523C121.37,32.515 117.922,28.671 117.922,23.384H117.929ZM122.417,21.38H131.742C131.256,19.136 129.417,17.872 127.016,17.872C125.962,17.833 124.928,18.161 124.09,18.801C123.252,19.441 122.663,20.353 122.424,21.38H122.417ZM137.276,14.425H140.462V13.535C140.462,8.711 142.497,6.707 146.961,6.707H148.494V10.611H147.215C145.114,10.611 144.65,11.358 144.65,13.535V14.425H148.494V18.493H144.755V32.149H140.417V18.493H137.276V14.425ZM149.392,23.287C149.372,22.066 149.599,20.855 150.058,19.724C150.518,18.593 151.2,17.566 152.065,16.705C152.93,15.844 153.959,15.165 155.092,14.711C156.225,14.256 157.437,14.034 158.658,14.058C159.87,14.058 161.07,14.297 162.189,14.761C163.309,15.224 164.326,15.904 165.183,16.761C166.04,17.618 166.72,18.636 167.184,19.755C167.648,20.875 167.886,22.075 167.886,23.287C167.886,24.499 167.648,25.699 167.184,26.818C166.72,27.938 166.04,28.955 165.183,29.812C164.326,30.669 163.309,31.349 162.189,31.813C161.07,32.277 159.87,32.515 158.658,32.515C157.432,32.558 156.21,32.348 155.069,31.9C153.927,31.452 152.889,30.775 152.02,29.91C151.15,29.045 150.467,28.011 150.012,26.872C149.557,25.733 149.341,24.513 149.377,23.287H149.392ZM163.511,23.287C163.511,21.998 162.999,20.761 162.087,19.85C161.176,18.938 159.939,18.426 158.65,18.426C157.361,18.426 156.125,18.938 155.213,19.85C154.301,20.761 153.789,21.998 153.789,23.287C153.789,24.576 154.301,25.813 155.213,26.724C156.125,27.636 157.361,28.148 158.65,28.148C159.939,28.148 161.176,27.636 162.087,26.724C162.999,25.813 163.511,24.576 163.511,23.287ZM174.019,23.092L167.617,14.425H172.942L176.703,19.847L180.577,14.402H185.812L179.306,23.032L186.141,32.126H180.854L176.614,26.353L172.515,32.126H167.191L174.019,23.092Z"
       android:strokeAlpha="0.8"
-      android:fillColor="#ffffff"
+      android:fillColor="@color/contrastColor"/>
       android:fillAlpha="0.8"/>
   <path
       android:pathData="M211.815,9.263V6.511H196.141V31.96H199.013V20.944H211.815V18.153H199.013V9.263H211.815Z"
       android:strokeAlpha="0.8"
-      android:fillColor="#ffffff"
+      android:fillColor="@color/contrastColor"/>
       android:fillAlpha="0.8"/>
   <path
       android:pathData="M224.189,12.744C222.924,12.731 221.67,12.976 220.499,13.465C219.329,13.953 218.266,14.675 217.373,15.589C216.481,16.502 215.776,17.588 215.302,18.783C214.827,19.978 214.591,21.257 214.609,22.546C214.573,23.854 214.794,25.156 215.26,26.376C215.726,27.595 216.427,28.707 217.322,29.645C218.217,30.584 219.288,31.33 220.471,31.839C221.653,32.348 222.925,32.611 224.209,32.611C225.493,32.611 226.764,32.348 227.947,31.839C229.13,31.33 230.2,30.584 231.095,29.645C231.99,28.707 232.692,27.595 233.158,26.376C233.624,25.156 233.845,23.854 233.808,22.546C233.825,21.254 233.588,19.972 233.11,18.775C232.633,17.578 231.925,16.49 231.028,15.577C230.132,14.663 229.065,13.942 227.89,13.455C226.715,12.969 225.457,12.727 224.189,12.744ZM224.189,29.62C223.285,29.627 222.389,29.447 221.555,29.092C220.721,28.736 219.966,28.212 219.336,27.551C218.706,26.89 218.214,26.105 217.89,25.245C217.566,24.385 217.416,23.467 217.45,22.546C217.419,21.622 217.571,20.701 217.897,19.838C218.223,18.975 218.716,18.187 219.346,17.522C219.977,16.858 220.732,16.329 221.568,15.968C222.403,15.607 223.301,15.42 224.209,15.42C225.116,15.42 226.014,15.607 226.85,15.968C227.685,16.329 228.441,16.858 229.071,17.522C229.702,18.187 230.195,18.975 230.521,19.838C230.846,20.701 230.999,21.622 230.968,22.546C230.997,23.469 230.843,24.389 230.515,25.249C230.187,26.11 229.691,26.895 229.058,27.555C228.425,28.216 227.667,28.74 226.831,29.094C225.994,29.449 225.095,29.628 224.189,29.62Z"
       android:strokeAlpha="0.8"
-      android:fillColor="#ffffff"
+      android:fillColor="@color/contrastColor"/>
       android:fillAlpha="0.8"/>
   <path
       android:pathData="M252.307,25.298C251.834,26.576 250.991,27.677 249.891,28.456C248.79,29.235 247.483,29.655 246.143,29.66C245.228,29.66 244.321,29.475 243.477,29.115C242.632,28.755 241.866,28.228 241.223,27.564C240.58,26.9 240.073,26.112 239.731,25.247C239.39,24.381 239.22,23.455 239.232,22.522C239.208,21.595 239.367,20.673 239.698,19.809C240.029,18.945 240.527,18.157 241.162,17.492C241.796,16.827 242.555,16.298 243.393,15.936C244.231,15.574 245.132,15.387 246.042,15.385C247.374,15.371 248.678,15.772 249.78,16.534C250.881,17.297 251.728,18.385 252.206,19.652L254.766,18.502C254.037,16.771 252.817,15.301 251.262,14.281C249.708,13.261 247.89,12.737 246.042,12.776C244.73,12.696 243.415,12.891 242.18,13.348C240.944,13.806 239.814,14.517 238.859,15.437C237.903,16.358 237.143,17.468 236.625,18.699C236.107,19.93 235.843,21.257 235.847,22.596C235.852,23.936 236.126,25.26 236.653,26.488C237.18,27.715 237.948,28.819 238.91,29.733C239.872,30.646 241.007,31.348 242.246,31.797C243.484,32.245 244.8,32.43 246.112,32.34C247.996,32.385 249.848,31.841 251.42,30.782C252.992,29.723 254.208,28.2 254.906,26.416L252.307,25.298Z"
       android:strokeAlpha="0.8"
-      android:fillColor="#ffffff"
+      android:fillColor="@color/contrastColor"/>
       android:fillAlpha="0.8"/>
   <path
       android:pathData="M271.437,13.133V23.553C271.437,27.185 269.009,29.731 265.756,29.731C262.191,29.731 260.308,27.352 260.308,23.696V13.133H257.468V23.839C257.468,29.136 260.207,32.34 265.25,32.34C266.497,32.372 267.73,32.067 268.824,31.456C269.918,30.844 270.833,29.948 271.476,28.859V31.96H274.207V13.133H271.437Z"
       android:strokeAlpha="0.8"
-      android:fillColor="#ffffff"
+      android:fillColor="@color/contrastColor"/>
       android:fillAlpha="0.8"/>
   <path
       android:pathData="M285.576,21.079C282.696,20.492 280.478,20.104 280.478,18.153C280.478,16.408 281.638,15.155 284.478,15.155C285.462,15.113 286.442,15.32 287.328,15.757C288.215,16.194 288.982,16.848 289.56,17.661L291.895,16.075C291.007,14.964 289.875,14.082 288.591,13.501C287.306,12.919 285.905,12.655 284.502,12.728C280.12,12.728 277.622,15.274 277.622,18.2C277.622,21.967 281.015,22.84 284.198,23.466C286.899,24.029 289.428,24.441 289.428,26.535C289.428,28.423 287.926,29.81 285.046,29.81C283.88,29.861 282.72,29.606 281.678,29.07C280.636,28.534 279.746,27.735 279.093,26.749L276.641,28.375C278.283,30.754 280.922,32.34 284.961,32.34C289.786,32.34 292.245,29.454 292.245,26.488C292.245,22.618 288.782,21.705 285.576,21.079Z"
       android:strokeAlpha="0.8"
-      android:fillColor="#ffffff"
+      android:fillColor="@color/contrastColor"/>
       android:fillAlpha="0.8"/>
   <path
       android:pathData="M89.516,53.405L82.516,42.805H79.175V58.375H82.175V47.425L89.415,58.375H92.485V42.795H89.485L89.516,53.405ZM96.035,58.405H99.175V42.795H96.035V58.405ZM110.036,52.345H115.136C114.898,53.358 114.308,54.254 113.471,54.871C112.633,55.489 111.603,55.788 110.566,55.715C109.908,55.745 109.251,55.644 108.632,55.419C108.014,55.194 107.446,54.849 106.961,54.404C106.476,53.959 106.083,53.423 105.806,52.826C105.529,52.229 105.373,51.583 105.346,50.925C105.346,50.825 105.346,50.715 105.346,50.615C105.33,49.271 105.847,47.976 106.784,47.013C107.721,46.049 109.002,45.496 110.346,45.475H110.506C111.336,45.442 112.16,45.623 112.901,45.999C113.641,46.375 114.273,46.935 114.736,47.625L117.356,45.855C116.553,44.81 115.514,43.97 114.322,43.407C113.131,42.843 111.823,42.572 110.506,42.615C109.455,42.581 108.408,42.753 107.424,43.123C106.44,43.493 105.539,44.053 104.771,44.771C104.004,45.489 103.385,46.352 102.951,47.309C102.517,48.266 102.275,49.3 102.241,50.35C102.206,51.401 102.378,52.448 102.748,53.432C103.118,54.416 103.678,55.317 104.396,56.085C105.115,56.852 105.977,57.471 106.934,57.905C107.892,58.339 108.925,58.581 109.976,58.615H110.586C111.586,58.647 112.584,58.482 113.52,58.128C114.457,57.775 115.315,57.24 116.045,56.554C116.775,55.869 117.363,55.046 117.775,54.134C118.187,53.221 118.415,52.236 118.446,51.235C118.456,51.099 118.456,50.962 118.446,50.825V49.525H110.016L110.036,52.345ZM131.036,49.105H124.556V42.795H121.436V58.375H124.556V52.025H131.036V58.385H134.126V42.795H131.036V49.105ZM137.036,45.605H141.496V58.405H144.546V45.575H148.966V42.795H137.036V45.605ZM155.036,42.825H151.866V58.375H162.376V55.445H154.976L155.036,42.825ZM171.816,42.825L168.176,49.025L164.546,42.835H161.146L166.596,51.835V58.405H169.716V51.905L175.176,42.835L171.816,42.825Z"
-      android:fillColor="#ffffff"/>
+      android:fillColor="@color/contrastColor"/>
 </vector>
