diff --git a/assets/images/svg/ic_menu_audio.svg b/assets/images/svg/ic_menu_audio.svg
index cd0d262796..22ab7f2517 100644
--- a/assets/images/svg/ic_menu_audio.svg
+++ b/assets/images/svg/ic_menu_audio.svg
@@ -28,7 +28,7 @@
      inkscape:pageopacity="0.0"
      inkscape:pageshadow="2"
      inkscape:zoom="3.959798"
-     inkscape:cx="48.246774"
+     inkscape:cx="18.194736"
      inkscape:cy="74.339893"
      inkscape:document-units="px"
      inkscape:current-layer="layer1"
@@ -56,10 +56,12 @@
      id="layer1"
      transform="translate(0,-922.36218)">
     <path
-       style="fill:#777777;fill-opacity:1;fill-rule:nonzero;stroke:none"
-       d="m 104.0511,942.63188 c -0.29772,-0.27251 -0.86064,-0.2697 -0.86064,-0.2697 l -11.295037,1.144 -43.751504,4.38408 c -0.176881,0 -0.364921,0.0305 -0.586082,0.0784 -1.340523,0.28961 -3.371288,1.38191 -4.41409,2.4269 -1.215123,1.21732 -1.246203,2.50521 -1.250043,3.75779 l 0,3.17064 0,9.98163 0,40.16148 c -0.621482,-0.071 -1.270323,-0.1176 -1.914125,-0.1176 -7.950979,0 -14.375434,5.619 -14.375434,12.526 0,6.9069 6.424455,12.4867 14.375434,12.4867 7.935979,0 14.390315,-5.5587 14.414555,-12.4476 0,-0.013 0,-0.026 0,-0.04 l 0,-53.8226 37.501289,-3.75778 0,38.90878 c -0.621361,-0.071 -1.270203,-0.1173 -1.914004,-0.1173 -7.951099,0 -14.375555,5.619 -14.375555,12.5259 -1.2e-4,6.907 6.424456,12.4869 14.375555,12.4869 7.950856,0 14.414431,-5.5799 14.414431,-12.4869 l 0,-52.56991 0,-17.58751 c 0,0 -0.0492,-0.55313 -0.34475,-0.82338 z"
-       id="path5881"
-       inkscape:connector-curvature="0"
-       sodipodi:nodetypes="scccccscccssscscccscssccs" />
+       sodipodi:type="inkscape:offset"
+       inkscape:radius="0.96869999"
+       inkscape:original="M 1684.0312 249.5625 L 1675.875 251.375 L 1643.2812 258.625 C 1642.376 258.625 1640.5928 259.53226 1639.6875 260.4375 C 1638.7822 261.34274 1638.7813 262.25102 1638.7812 263.15625 L 1638.7812 304.625 C 1636.9261 304.619 1634.9555 304.99224 1633.0625 305.875 C 1627.4023 308.51437 1624.5154 314.35109 1626.625 318.875 C 1628.7345 323.39889 1635.0273 324.92062 1640.6875 322.28125 C 1645.2863 320.13677 1648.0698 315.87697 1647.8125 311.9375 L 1647.8125 271.1875 L 1674.9688 265.15625 L 1674.9688 295.5625 C 1673.1135 295.5575 1671.1431 295.961 1669.25 296.84375 C 1663.5898 299.48312 1660.7341 305.2886 1662.8438 309.8125 C 1664.9534 314.3364 1671.246 315.85812 1676.9062 313.21875 C 1681.505 311.07427 1684.2886 306.81448 1684.0312 302.875 L 1684.0312 263.15625 L 1684.0312 258.625 L 1684.0312 254.09375 L 1684.0312 249.5625 z "
+       style="fill:#777777;fill-opacity:1;stroke:none"
+       id="path5067"
+       d="m 1683.9062,248.59375 a 0.96879686,0.96879686 0 0 0 -0.094,0.0312 l -8.1563,1.8125 -32.375,7.21875 -0.2187,0.0312 0,0.0312 c -0.6888,0.05 -1.3243,0.25197 -2,0.59375 -0.7494,0.37904 -1.4994,0.87443 -2.0625,1.4375 -1.1342,1.1341 -1.1874,2.50045 -1.1875,3.40625 l 0,40.59375 c -1.6991,0.10665 -3.4491,0.4539 -5.1563,1.25 -6.0416,2.81722 -9.2937,9.16131 -6.9062,14.28125 2.3862,5.11723 9.3051,6.69086 15.3438,3.875 4.8855,-2.2782 7.9449,-6.80018 7.6874,-11.21875 -0,-0.0207 0,-0.0418 0,-0.0625 l 0,-39.90625 25.2188,-5.625 0,28.34375 c -1.7077,0.1137 -3.4519,0.48649 -5.1562,1.28125 -6.0402,2.81656 -9.2604,9.13494 -6.875,14.25 2.3862,5.1172 9.305,6.69085 15.3437,3.875 4.8856,-2.2782 7.9451,-6.80014 7.6875,-11.21875 -0,-0.0207 0,-0.0418 0,-0.0625 l 0,-39.65625 0,-4.53125 0,-4.53125 0,-4.53125 a 0.96879686,0.96879686 0 0 0 -1.0938,-0.96875 z"
+       transform="matrix(1.1849171,0,0,1.1849171,-1896.0245,647.8088)" />
   </g>
 </svg>
diff --git a/assets/images/svg/ic_menu_video.svg b/assets/images/svg/ic_menu_video.svg
index 45ab9aeb17..e7d95ab95c 100644
--- a/assets/images/svg/ic_menu_video.svg
+++ b/assets/images/svg/ic_menu_video.svg
@@ -28,7 +28,7 @@
      inkscape:pageopacity="0.0"
      inkscape:pageshadow="2"
      inkscape:zoom="3.959798"
-     inkscape:cx="48.246774"
+     inkscape:cx="-11.857302"
      inkscape:cy="74.339893"
      inkscape:document-units="px"
      inkscape:current-layer="layer1"
@@ -46,7 +46,7 @@
         <dc:format>image/svg+xml</dc:format>
         <dc:type
            rdf:resource="http://purl.org/dc/dcmitype/StillImage" />
-        <dc:title></dc:title>
+        <dc:title />
       </cc:Work>
     </rdf:RDF>
   </metadata>
@@ -57,11 +57,11 @@
      transform="translate(0,-922.36218)">
     <path
        sodipodi:type="inkscape:offset"
-       inkscape:radius="-0.46403882"
-       inkscape:original="M 1751.5625 387.375 A 1.5438679 1.5475543 0 0 0 1750 388.9375 L 1750.0938 460.96875 A 1.5438679 1.5475543 0 0 0 1751.6562 462.53125 L 1756.3438 462.53125 A 1.5438679 1.5475543 0 0 0 1757.9062 460.96875 L 1757.9062 458.03125 C 1757.9062 457.79877 1758.0181 457.65625 1758.25 457.65625 L 1763.0312 457.65625 C 1763.2631 457.65625 1763.4063 457.79877 1763.4062 458.03125 L 1763.4062 460.96875 A 1.5438679 1.5475543 0 0 0 1764.9688 462.53125 L 1808.9688 462.46875 A 1.5438679 1.5475543 0 0 0 1810.5312 460.90625 L 1810.5312 458.03125 C 1810.5312 457.79877 1810.6744 457.65625 1810.9062 457.65625 L 1815.6875 457.65625 C 1815.9195 457.65625 1816.0313 457.79877 1816.0312 458.03125 L 1816.0312 460.90625 A 1.5438679 1.5475543 0 0 0 1817.5938 462.46875 L 1823.3438 462.46875 A 1.5438679 1.5475543 0 0 0 1824.9062 460.90625 L 1824.9688 389 A 1.5438679 1.5475543 0 0 0 1823.4375 387.4375 L 1818.5625 387.4375 A 1.5438679 1.5475543 0 0 0 1817 389 L 1817 391.8125 C 1817 392.04499 1816.8569 392.1875 1816.625 392.1875 L 1810.9062 392.1875 C 1810.6777 392.1875 1810.493 392.02412 1810.5 391.9375 A 1.5438679 1.5475543 0 0 0 1810.5312 391.8125 L 1810.5312 388.96875 A 1.5438679 1.5475543 0 0 0 1808.9688 387.40625 L 1765.9062 387.375 A 1.5438679 1.5475543 0 0 0 1764.3438 388.9375 L 1764.3438 391.8125 C 1764.3438 392.04499 1764.2319 392.1875 1764 392.1875 L 1758.25 392.1875 C 1758.0181 392.1875 1757.9063 392.04499 1757.9062 391.8125 L 1757.9062 388.9375 A 1.5438679 1.5475543 0 0 0 1756.3438 387.375 L 1751.5625 387.375 z M 1772.625 395.3125 L 1802.2812 395.3125 C 1802.5131 395.3125 1802.625 395.42376 1802.625 395.65625 L 1802.625 417.71875 C 1802.625 417.95123 1802.5131 418.09375 1802.2812 418.09375 L 1772.625 418.09375 C 1772.3931 418.09375 1772.25 417.95123 1772.25 417.71875 L 1772.25 395.65625 C 1772.25 395.42376 1772.3931 395.3125 1772.625 395.3125 z M 1758.25 400.09375 L 1764 400.09375 C 1764.2319 400.09375 1764.3438 400.23626 1764.3438 400.46875 L 1764.3438 406.21875 C 1764.3438 406.45123 1764.2319 406.5625 1764 406.5625 L 1758.25 406.5625 C 1758.0181 406.5625 1757.9063 406.45123 1757.9062 406.21875 L 1757.9062 400.46875 C 1757.9062 400.23626 1758.0181 400.09375 1758.25 400.09375 z M 1810.9062 400.09375 L 1816.625 400.09375 C 1816.8569 400.09375 1817 400.23626 1817 400.46875 L 1817 406.21875 C 1817 406.45123 1816.8569 406.5625 1816.625 406.5625 L 1810.9062 406.5625 C 1810.6744 406.5625 1810.5313 406.45123 1810.5312 406.21875 L 1810.5312 400.46875 C 1810.5312 400.23626 1810.6744 400.09375 1810.9062 400.09375 z M 1758.25 414.5 L 1764 414.5 C 1764.2319 414.5 1764.3438 414.61127 1764.3438 414.84375 L 1764.3438 420.59375 C 1764.3438 420.82623 1764.2319 420.96875 1764 420.96875 L 1758.25 420.96875 C 1758.0181 420.96875 1757.9063 420.82623 1757.9062 420.59375 L 1757.9062 414.84375 C 1757.9062 414.61127 1758.0181 414.5 1758.25 414.5 z M 1810.9062 414.5 L 1816.625 414.5 C 1816.8569 414.5 1817 414.61127 1817 414.84375 L 1817 420.59375 C 1817 420.82623 1816.8569 420.96875 1816.625 420.96875 L 1810.9062 420.96875 C 1810.6744 420.96875 1810.5313 420.82623 1810.5312 420.59375 L 1810.5312 414.84375 C 1810.5312 414.61127 1810.6744 414.5 1810.9062 414.5 z M 1758.25 428.875 L 1764 428.875 C 1764.2319 428.875 1764.3438 429.01752 1764.3438 429.25 L 1764.3438 435 C 1764.3438 435.23249 1764.2319 435.34375 1764 435.34375 L 1758.25 435.34375 C 1758.0181 435.34375 1757.9063 435.23249 1757.9062 435 L 1757.9062 429.25 C 1757.9062 429.01752 1758.0181 428.875 1758.25 428.875 z M 1810.9062 428.875 L 1816.625 428.875 C 1816.8569 428.875 1817 429.01752 1817 429.25 L 1817 435 C 1817 435.23249 1816.8569 435.34375 1816.625 435.34375 L 1810.9062 435.34375 C 1810.6744 435.34375 1810.5313 435.23249 1810.5312 435 L 1810.5312 429.25 C 1810.5312 429.01752 1810.6744 428.875 1810.9062 428.875 z M 1772.625 431.75 L 1802.2812 431.75 C 1802.5131 431.75 1802.625 431.89252 1802.625 432.125 L 1802.625 454.1875 C 1802.625 454.41998 1802.5131 454.53125 1802.2812 454.53125 L 1772.625 454.53125 C 1772.3931 454.53125 1772.25 454.41998 1772.25 454.1875 L 1772.25 432.125 C 1772.25 431.89252 1772.3931 431.75 1772.625 431.75 z M 1758.25 443.28125 L 1764 443.28125 C 1764.2319 443.28125 1764.3438 443.39251 1764.3438 443.625 L 1764.3438 449.375 C 1764.3438 449.60748 1764.2319 449.75 1764 449.75 L 1758.25 449.75 C 1758.0181 449.75 1757.9063 449.60748 1757.9062 449.375 L 1757.9062 443.625 C 1757.9062 443.39251 1758.0181 443.28125 1758.25 443.28125 z M 1810.9062 443.28125 L 1816.625 443.28125 C 1816.8569 443.28125 1817 443.39251 1817 443.625 L 1817 449.375 C 1817 449.60748 1816.8569 449.75 1816.625 449.75 L 1810.9062 449.75 C 1810.6744 449.75 1810.5313 449.60748 1810.5312 449.375 L 1810.5312 443.625 C 1810.5312 443.39251 1810.6744 443.28125 1810.9062 443.28125 z "
-       style="fill:#777777;fill-opacity:1;stroke:none"
-       id="path5875"
-       d="m 1751.3438,387.84375 c -0.033,0.006 -0.03,0.0234 -0.063,0.0312 -0.032,0.008 8e-4,-0.009 -0.031,0 -0.032,0.009 -0.031,0.0202 -0.062,0.0312 -0.032,0.011 -0.032,-0.0126 -0.062,0 -0.031,0.0126 -10e-4,0.0172 -0.031,0.0312 -0.03,0.0141 -0.033,0.0157 -0.063,0.0312 -0.029,0.0156 -0,0.0142 -0.031,0.0312 -0.029,0.017 -0.035,0.0128 -0.062,0.0312 -0.028,0.0184 -0,0.0115 -0.031,0.0312 -0.027,0.0198 -0.01,0.0101 -0.031,0.0312 -0.026,0.0211 -0.038,0.009 -0.062,0.0312 -0.025,0.0224 -0.01,0.008 -0.031,0.0312 -0.023,0.0236 -0.01,0.007 -0.031,0.0312 -0.022,0.0247 -0.01,0.0367 -0.031,0.0625 -0.021,0.0258 -0.012,0.004 -0.031,0.0312 -0.02,0.0268 -0.013,0.003 -0.031,0.0312 -0.018,0.0278 -0.014,0.0338 -0.031,0.0625 -0.017,0.0287 -0.016,0.002 -0.031,0.0312 -0.016,0.0295 -0.017,0.0323 -0.031,0.0625 -0.014,0.0302 -0.019,3.7e-4 -0.031,0.0312 -0.013,0.0309 0.011,0.031 0,0.0625 -0.011,0.0315 -0.022,0.0305 -0.031,0.0625 -0.01,0.032 0.01,-0.001 0,0.0312 -0.01,0.0324 -0.025,0.0297 -0.031,0.0625 -0.01,0.0328 0,0.0295 0,0.0625 -0,0.033 0,-0.002 0,0.0312 -0,0.0332 0,0.0292 0,0.0625 -0,0.0333 -4e-4,0.0292 0,0.0625 l 0.094,72.03125 c -3e-4,0.0333 -0,0.0292 0,0.0625 0,0.0333 -0,0.0293 0,0.0625 0,0.0332 -0,-0.002 0,0.0312 0,0.033 -0.01,0.0297 0,0.0625 0.01,0.0328 0.023,0.0301 0.031,0.0625 0.01,0.0324 -0.01,-7.2e-4 0,0.0312 0.01,0.032 0.02,0.031 0.031,0.0625 0.011,0.0315 -0.013,0.0316 0,0.0625 0.013,0.0309 0.017,0.001 0.031,0.0312 0.014,0.0302 0.016,0.033 0.031,0.0625 0.016,0.0295 0.014,0.003 0.031,0.0312 0.017,0.0287 0.013,0.0347 0.031,0.0625 0.018,0.0278 0.011,0.004 0.031,0.0312 0.02,0.0268 0.01,0.005 0.031,0.0312 0.021,0.0258 0.01,0.0378 0.031,0.0625 0.022,0.0247 0.01,0.008 0.031,0.0312 0.024,0.0236 0.01,0.009 0.031,0.0312 0.025,0.0224 0.037,0.0101 0.063,0.0312 0.026,0.0211 0,0.0115 0.031,0.0312 0.027,0.0198 0,0.0128 0.031,0.0312 0.028,0.0184 0.034,0.0142 0.063,0.0312 0.029,0.017 0,0.0157 0.031,0.0312 0.03,0.0156 0.032,0.0172 0.062,0.0312 0.03,0.0141 4e-4,0.0187 0.031,0.0312 0.031,0.0126 0.031,-0.011 0.062,0 0.032,0.011 0.031,0.0218 0.063,0.0312 0.032,0.009 -0,-0.008 0.031,0 0.032,0.008 0.03,0.025 0.062,0.0312 0.033,0.006 0.03,-0.005 0.062,0 0.033,0.005 -0,-0.003 0.031,0 0.033,0.003 0.029,-0.001 0.063,0 0.033,0.001 0.029,4e-4 0.062,0 l 4.6876,0 c 0.033,4e-4 0.029,0.001 0.062,0 0.033,-0.001 0.029,0.003 0.063,0 0.033,-0.003 -0,0.005 0.031,0 0.033,-0.005 0.03,0.006 0.062,0 0.033,-0.006 0.03,-0.0234 0.062,-0.0312 0.032,-0.008 -7e-4,0.009 0.031,0 0.032,-0.009 0.031,-0.0202 0.063,-0.0312 0.031,-0.011 0.032,0.0126 0.062,0 0.031,-0.0126 0,-0.0172 0.031,-0.0312 0.03,-0.0141 0.033,-0.0157 0.062,-0.0312 0.03,-0.0156 0,-0.0142 0.031,-0.0312 0.029,-0.017 0.035,-0.0128 0.063,-0.0312 0.028,-0.0184 0,-0.0115 0.031,-0.0312 0.027,-0.0198 0.01,-0.0101 0.031,-0.0312 0.026,-0.0211 0.038,-0.009 0.063,-0.0312 0.025,-0.0224 0.01,-0.008 0.031,-0.0312 0.024,-0.0236 0.01,-0.007 0.031,-0.0312 0.022,-0.0247 0.01,-0.0367 0.031,-0.0625 0.021,-0.0258 0.011,-0.004 0.031,-0.0312 0.02,-0.0268 0.013,-0.003 0.031,-0.0312 0.018,-0.0278 0.014,-0.0338 0.031,-0.0625 0.017,-0.0287 0.016,-0.002 0.031,-0.0312 0.016,-0.0295 0.017,-0.0323 0.031,-0.0625 0.014,-0.0302 0.019,-3.7e-4 0.031,-0.0312 0.013,-0.0309 -0.011,-0.031 0,-0.0625 0.011,-0.0315 0.022,-0.0305 0.031,-0.0625 0.01,-0.032 -0.01,0.001 0,-0.0312 0.01,-0.0324 0.025,-0.0297 0.031,-0.0625 0.01,-0.0328 -0,-0.0295 0,-0.0625 0,-0.033 -0,0.002 0,-0.0312 0,-0.0332 -0,-0.0292 0,-0.0625 0,-0.0333 3e-4,-0.0292 0,-0.0625 l 0,-2.9375 c 0,-0.19069 0.065,-0.41873 0.2187,-0.59375 0.1542,-0.17502 0.3828,-0.25 0.5938,-0.25 l 4.7812,0 c 0.2111,0 0.4309,0.0873 0.5938,0.25 0.1629,0.16273 0.2501,0.38219 0.25,0.59375 l 0,2.9375 c -3e-4,0.0333 -0,0.0292 0,0.0625 0,0.0333 -0,0.0293 0,0.0625 0,0.0332 -0,-0.002 0,0.0312 0,0.033 -0.01,0.0297 0,0.0625 0.01,0.0328 0.023,0.0301 0.031,0.0625 0.01,0.0324 -0.01,-7.3e-4 0,0.0312 0.01,0.032 0.02,0.031 0.031,0.0625 0.011,0.0315 -0.013,0.0316 0,0.0625 0.013,0.0309 0.017,0.001 0.031,0.0312 0.014,0.0302 0.016,0.033 0.031,0.0625 0.016,0.0295 0.014,0.003 0.031,0.0312 0.017,0.0287 0.013,0.0347 0.031,0.0625 0.018,0.0278 0.011,0.004 0.031,0.0312 0.02,0.0268 0.01,0.005 0.031,0.0312 0.021,0.0258 0.01,0.0378 0.031,0.0625 0.022,0.0247 0.01,0.008 0.031,0.0312 0.024,0.0236 0.01,0.009 0.031,0.0312 0.025,0.0224 0.037,0.0101 0.062,0.0312 0.026,0.0211 0,0.0115 0.031,0.0312 0.027,0.0198 0,0.0128 0.031,0.0312 0.028,0.0184 0.034,0.0142 0.062,0.0312 0.029,0.017 0,0.0157 0.031,0.0312 0.03,0.0156 0.032,0.0172 0.062,0.0312 0.03,0.0141 4e-4,0.0187 0.031,0.0312 0.031,0.0126 0.031,-0.011 0.063,0 0.031,0.011 0.03,0.0218 0.062,0.0312 0.032,0.009 -0,-0.008 0.031,0 0.032,0.008 0.03,0.025 0.062,0.0312 0.033,0.006 0.03,-0.005 0.062,0 0.033,0.005 -0,-0.003 0.031,0 0.033,0.003 0.029,-0.001 0.062,0 0.033,0.001 0.029,4.1e-4 0.063,0 l 44,-0.0625 c 0.033,4e-4 0.029,0.001 0.062,0 0.033,-0.001 0.029,0.003 0.063,0 0.033,-0.003 -0,0.005 0.031,0 0.033,-0.005 0.03,0.006 0.062,0 0.033,-0.006 0.03,-0.0234 0.062,-0.0312 0.032,-0.008 -7e-4,0.009 0.031,0 0.032,-0.009 0.031,-0.0202 0.063,-0.0312 0.031,-0.011 0.032,0.0126 0.062,0 0.031,-0.0126 0,-0.0172 0.031,-0.0312 0.03,-0.0141 0.033,-0.0157 0.062,-0.0312 0.03,-0.0156 0,-0.0142 0.031,-0.0312 0.029,-0.017 0.035,-0.0128 0.063,-0.0312 0.028,-0.0184 0,-0.0115 0.031,-0.0312 0.027,-0.0198 0.01,-0.0101 0.031,-0.0312 0.026,-0.0211 0.038,-0.009 0.063,-0.0312 0.025,-0.0224 0.01,-0.008 0.031,-0.0312 0.024,-0.0236 0.01,-0.007 0.031,-0.0312 0.022,-0.0247 0.01,-0.0367 0.031,-0.0625 0.021,-0.0258 0.011,-0.004 0.031,-0.0312 0.02,-0.0268 0.013,-0.003 0.031,-0.0312 0.018,-0.0278 0.014,-0.0338 0.031,-0.0625 0.017,-0.0287 0.016,-0.002 0.031,-0.0312 0.016,-0.0295 0.017,-0.0323 0.031,-0.0625 0.014,-0.0302 0.019,-3.7e-4 0.031,-0.0312 0.013,-0.0309 -0.011,-0.031 0,-0.0625 0.011,-0.0315 0.022,-0.0305 0.031,-0.0625 0.01,-0.032 -0.01,0.001 0,-0.0312 0.01,-0.0324 0.025,-0.0297 0.031,-0.0625 0.01,-0.0328 -0,-0.0295 0,-0.0625 0,-0.033 -0,0.002 0,-0.0312 0,-0.0332 -0,-0.0292 0,-0.0625 0,-0.0333 3e-4,-0.0292 0,-0.0625 l 0,-2.875 c 0,-0.21152 0.087,-0.43107 0.25,-0.59375 0.1629,-0.16268 0.3827,-0.25 0.5937,-0.25 l 4.7813,0 c 0.211,0 0.4396,0.0749 0.5937,0.25 0.1542,0.17511 0.2189,0.40308 0.2188,0.59375 l 0,2.875 c -3e-4,0.0333 -0,0.0292 0,0.0625 0,0.0333 -0,0.0293 0,0.0625 0,0.0332 -0,-0.002 0,0.0312 0,0.033 -0.01,0.0297 0,0.0625 0.01,0.0328 0.023,0.0301 0.031,0.0625 0.01,0.0324 -0.01,-7.3e-4 0,0.0312 0.01,0.032 0.02,0.031 0.031,0.0625 0.011,0.0315 -0.013,0.0316 0,0.0625 0.013,0.0309 0.017,0.001 0.031,0.0312 0.014,0.0302 0.016,0.033 0.031,0.0625 0.016,0.0295 0.014,0.003 0.031,0.0312 0.017,0.0287 0.013,0.0347 0.031,0.0625 0.018,0.0278 0.011,0.004 0.031,0.0312 0.02,0.0268 0.01,0.005 0.031,0.0312 0.021,0.0258 0.01,0.0378 0.031,0.0625 0.022,0.0247 0.01,0.008 0.031,0.0312 0.024,0.0236 0.01,0.009 0.031,0.0312 0.025,0.0224 0.037,0.0101 0.062,0.0312 0.026,0.0211 0,0.0115 0.031,0.0312 0.027,0.0198 0,0.0128 0.031,0.0312 0.028,0.0184 0.034,0.0142 0.062,0.0312 0.029,0.017 0,0.0157 0.031,0.0312 0.03,0.0156 0.032,0.0172 0.062,0.0312 0.03,0.0141 4e-4,0.0187 0.031,0.0312 0.031,0.0126 0.031,-0.011 0.063,0 0.031,0.011 0.03,0.0218 0.062,0.0312 0.032,0.009 -0,-0.008 0.031,0 0.032,0.008 0.03,0.025 0.062,0.0312 0.033,0.006 0.03,-0.005 0.062,0 0.033,0.005 -0,-0.003 0.031,0 0.033,0.003 0.029,-0.001 0.062,0 0.033,0.001 0.029,4.1e-4 0.063,0 l 5.75,0 c 0.033,4e-4 0.029,0.001 0.062,0 0.033,-0.001 0.029,0.003 0.063,0 0.033,-0.003 -0,0.005 0.031,0 0.033,-0.005 0.03,0.006 0.062,0 0.033,-0.006 0.03,-0.0234 0.062,-0.0312 0.032,-0.008 -7e-4,0.009 0.031,0 0.032,-0.009 0.031,-0.0202 0.063,-0.0312 0.031,-0.011 0.032,0.0126 0.062,0 0.031,-0.0126 0,-0.0172 0.031,-0.0312 0.03,-0.0141 0.033,-0.0157 0.062,-0.0312 0.03,-0.0156 0,-0.0142 0.031,-0.0312 0.029,-0.017 0.035,-0.0128 0.063,-0.0312 0.028,-0.0184 0,-0.0115 0.031,-0.0312 0.027,-0.0198 0.01,-0.0101 0.031,-0.0312 0.026,-0.0211 0.038,-0.009 0.063,-0.0312 0.025,-0.0224 0.01,-0.008 0.031,-0.0312 0.024,-0.0236 0.01,-0.007 0.031,-0.0312 0.022,-0.0247 0.01,-0.0367 0.031,-0.0625 0.021,-0.0258 0.011,-0.004 0.031,-0.0312 0.02,-0.0268 0.013,-0.003 0.031,-0.0312 0.018,-0.0278 0.014,-0.0338 0.031,-0.0625 0.017,-0.0287 0.016,-0.002 0.031,-0.0312 0.016,-0.0295 0.017,-0.0323 0.031,-0.0625 0.014,-0.0302 0.019,-3.7e-4 0.031,-0.0312 0.013,-0.0309 -0.011,-0.031 0,-0.0625 0.011,-0.0315 0.022,-0.0305 0.031,-0.0625 0.01,-0.032 -0.01,0.001 0,-0.0312 0.01,-0.0324 0.025,-0.0297 0.031,-0.0625 0.01,-0.0328 -0,-0.0295 0,-0.0625 0,-0.033 -0,0.002 0,-0.0312 0,-0.0332 -0,-0.0292 0,-0.0625 0,-0.0333 3e-4,-0.0292 0,-0.0625 L 1824.5,389 c 3e-4,-0.0329 0,-0.0296 0,-0.0625 -0,-0.0329 0,-0.0297 0,-0.0625 -0,-0.0328 0,0.001 0,-0.0312 -0,-0.0326 0.01,-0.0301 0,-0.0625 -0.01,-0.0324 -0.024,-0.0305 -0.031,-0.0625 -0.01,-0.032 0.01,3.5e-4 0,-0.0312 -0.01,-0.0316 -0.021,-0.0314 -0.031,-0.0625 -0.011,-0.0311 0.012,-7e-4 0,-0.0312 -0.012,-0.0306 -0.017,-0.0326 -0.031,-0.0625 -0.014,-0.0299 -0.016,-0.0333 -0.031,-0.0625 -0.015,-0.0292 -0.015,-0.003 -0.031,-0.0312 -0.017,-0.0284 -0.013,-0.004 -0.031,-0.0312 -0.018,-0.0276 0.019,-0.0359 0,-0.0625 -0.019,-0.0266 -0.042,-0.006 -0.062,-0.0312 -0.021,-0.0257 -0.01,-0.0379 -0.031,-0.0625 -0.022,-0.0246 -0.01,-0.008 -0.031,-0.0312 -0.023,-0.0235 -0.01,-0.009 -0.031,-0.0312 -0.024,-0.0224 -0.01,-0.0101 -0.031,-0.0312 -0.025,-0.0211 -0.036,-0.0114 -0.062,-0.0312 -0.026,-0.0199 -0,-0.0127 -0.031,-0.0312 -0.027,-0.0186 -0,-0.0141 -0.031,-0.0312 -0.028,-0.0172 -0.034,-0.0155 -0.062,-0.0312 -0.029,-0.0158 -0,-0.0169 -0.031,-0.0312 -0.03,-0.0143 -0.032,0.0129 -0.062,0 -0.03,-0.0129 -4e-4,-0.0199 -0.031,-0.0312 -0.031,-0.0114 -0.031,-0.0214 -0.062,-0.0312 -0.031,-0.01 -0.031,0.008 -0.062,0 -0.032,-0.008 10e-4,0.007 -0.031,0 -0.032,-0.007 -0.03,-0.0261 -0.062,-0.0312 -0.033,-0.005 -0.03,0.003 -0.063,0 -0.033,-0.003 0,0.002 -0.031,0 -0.033,-0.002 -0.03,2.7e-4 -0.062,0 l -4.875,0 c -0.033,-4e-4 -0.029,-0.001 -0.062,0 -0.033,0.001 -0.029,-0.003 -0.062,0 -0.033,0.003 0,-0.005 -0.031,0 -0.033,0.005 -0.03,-0.006 -0.062,0 -0.033,0.006 -0.03,0.0234 -0.063,0.0312 -0.032,0.008 8e-4,-0.009 -0.031,0 -0.032,0.009 -0.031,0.0202 -0.062,0.0312 -0.032,0.011 -0.032,-0.0126 -0.062,0 -0.031,0.0126 -10e-4,0.0172 -0.031,0.0312 -0.03,0.0141 -0.033,0.0157 -0.063,0.0312 -0.029,0.0156 -0,0.0142 -0.031,0.0312 -0.029,0.017 -0.035,0.0128 -0.062,0.0312 -0.028,0.0184 -0,0.0115 -0.031,0.0312 -0.027,0.0198 -0.01,0.0101 -0.031,0.0312 -0.026,0.0211 -0.038,0.009 -0.062,0.0312 -0.025,0.0224 -0.01,0.008 -0.031,0.0312 -0.023,0.0236 -0.01,0.007 -0.031,0.0312 -0.022,0.0247 -0.01,0.0367 -0.031,0.0625 -0.021,0.0258 -0.012,0.004 -0.031,0.0312 -0.02,0.0268 -0.013,0.003 -0.031,0.0312 -0.018,0.0278 -0.014,0.0338 -0.031,0.0625 -0.017,0.0287 -0.016,0.002 -0.031,0.0312 -0.016,0.0295 -0.017,0.0323 -0.031,0.0625 -0.014,0.0302 -0.019,3.7e-4 -0.031,0.0312 -0.013,0.0309 0.011,0.031 0,0.0625 -0.011,0.0315 -0.022,0.0305 -0.031,0.0625 -0.01,0.032 0.01,-0.001 0,0.0312 -0.01,0.0324 -0.025,0.0297 -0.031,0.0625 -0.01,0.0328 0,0.0295 0,0.0625 -0,0.033 0,-0.002 0,0.0312 -0,0.0332 0,0.0292 0,0.0625 -0,0.0333 -4e-4,0.0292 0,0.0625 l 0,2.8125 c 0,0.21145 -0.087,0.43102 -0.25,0.59375 -0.163,0.16273 -0.3828,0.25 -0.5938,0.25 l -5.7188,0 c -0.2248,0 -0.4162,-0.0852 -0.5624,-0.1875 -0.073,-0.0512 -0.1291,-0.10669 -0.1876,-0.1875 -0.058,-0.0808 -0.1408,-0.17836 -0.125,-0.375 a 0.46408522,0.46408522 0 0 1 0.031,-0.0937 c 0.01,-0.0268 -0.01,-0.0354 0,-0.0625 0.01,-0.0271 -0.01,-0.004 0,-0.0312 l 0,-2.75 c 3e-4,-0.0333 0,-0.0292 0,-0.0625 -0,-0.0333 0,-0.0293 0,-0.0625 -0,-0.0332 0,0.002 0,-0.0312 -0,-0.033 0.01,-0.0297 0,-0.0625 -0.01,-0.0328 -0.023,-0.0301 -0.031,-0.0625 -0.01,-0.0324 0.01,7.2e-4 0,-0.0312 -0.01,-0.032 -0.02,-0.031 -0.031,-0.0625 -0.011,-0.0315 0.013,-0.0316 0,-0.0625 -0.013,-0.0309 -0.017,-0.001 -0.031,-0.0312 -0.014,-0.0302 -0.016,-0.033 -0.031,-0.0625 -0.016,-0.0295 -0.014,-0.003 -0.031,-0.0312 -0.017,-0.0287 -0.013,-0.0347 -0.031,-0.0625 -0.018,-0.0278 -0.011,-0.004 -0.031,-0.0312 -0.02,-0.0268 -0.01,-0.005 -0.031,-0.0312 -0.021,-0.0258 -0.01,-0.0378 -0.031,-0.0625 -0.022,-0.0247 -0.01,-0.008 -0.031,-0.0312 -0.024,-0.0236 -0.01,-0.009 -0.031,-0.0312 -0.025,-0.0224 -0.037,-0.0101 -0.063,-0.0312 -0.026,-0.0211 -0,-0.0115 -0.031,-0.0312 -0.027,-0.0198 -0,-0.0128 -0.031,-0.0312 -0.028,-0.0184 -0.034,-0.0142 -0.063,-0.0312 -0.029,-0.017 -0,-0.0157 -0.031,-0.0312 -0.03,-0.0156 -0.032,-0.0172 -0.062,-0.0312 -0.03,-0.0141 -4e-4,-0.0187 -0.031,-0.0312 -0.031,-0.0126 -0.031,0.011 -0.062,0 -0.032,-0.011 -0.031,-0.0218 -0.063,-0.0312 -0.032,-0.009 0,0.008 -0.031,0 -0.032,-0.008 -0.03,-0.025 -0.062,-0.0312 -0.033,-0.006 -0.03,0.005 -0.062,0 -0.033,-0.005 0,0.003 -0.031,0 -0.033,-0.003 -0.029,0.001 -0.063,0 -0.033,-0.001 -0.029,-4e-4 -0.062,0 l -43.0626,-0.0312 c -0.033,-4e-4 -0.029,-0.001 -0.062,0 -0.033,0.001 -0.029,-0.003 -0.063,0 -0.033,0.003 0,-0.005 -0.031,0 -0.033,0.005 -0.03,-0.006 -0.062,0 -0.033,0.006 -0.03,0.0234 -0.062,0.0312 -0.032,0.008 7e-4,-0.009 -0.031,0 -0.032,0.009 -0.031,0.0202 -0.063,0.0312 -0.031,0.011 -0.032,-0.0126 -0.062,0 -0.031,0.0126 -0,0.0172 -0.031,0.0312 -0.03,0.0141 -0.033,0.0157 -0.062,0.0312 -0.03,0.0156 -0,0.0142 -0.031,0.0312 -0.029,0.017 -0.035,0.0128 -0.063,0.0312 -0.028,0.0184 -0,0.0115 -0.031,0.0312 -0.027,0.0198 -0.01,0.0101 -0.031,0.0312 -0.026,0.0211 -0.038,0.009 -0.063,0.0312 -0.025,0.0224 -0.01,0.008 -0.031,0.0312 -0.024,0.0236 -0.01,0.007 -0.031,0.0312 -0.022,0.0247 -0.01,0.0367 -0.031,0.0625 -0.021,0.0258 -0.011,0.004 -0.031,0.0312 -0.02,0.0268 -0.013,0.003 -0.031,0.0312 -0.018,0.0278 -0.014,0.0338 -0.031,0.0625 -0.017,0.0287 -0.016,0.002 -0.031,0.0312 -0.016,0.0295 -0.017,0.0323 -0.031,0.0625 -0.014,0.0302 -0.019,3.7e-4 -0.031,0.0312 -0.013,0.0309 0.011,0.031 0,0.0625 -0.011,0.0315 -0.022,0.0305 -0.031,0.0625 -0.01,0.032 0.01,-0.001 0,0.0312 -0.01,0.0324 -0.025,0.0297 -0.031,0.0625 -0.01,0.0328 0,0.0295 0,0.0625 -0,0.033 0,-0.002 0,0.0312 -0,0.0332 0,0.0292 0,0.0625 -0,0.0333 -3e-4,0.0292 0,0.0625 l 0,2.875 c 0,0.19069 -0.065,0.41873 -0.2187,0.59375 -0.1542,0.17502 -0.3828,0.25 -0.5938,0.25 l -5.75,0 c -0.211,0 -0.4397,-0.075 -0.5938,-0.25 -0.154,-0.17502 -0.2186,-0.40316 -0.2187,-0.59375 l 0,-2.875 c 3e-4,-0.0333 0,-0.0292 0,-0.0625 -0,-0.0333 0,-0.0293 0,-0.0625 -0,-0.0332 0,0.002 0,-0.0312 -0,-0.033 0.01,-0.0297 0,-0.0625 -0.01,-0.0328 -0.023,-0.0301 -0.031,-0.0625 -0.01,-0.0324 0.01,7.2e-4 0,-0.0312 -0.01,-0.032 -0.02,-0.031 -0.031,-0.0625 -0.011,-0.0315 0.013,-0.0316 0,-0.0625 -0.013,-0.0309 -0.017,-0.001 -0.031,-0.0312 -0.014,-0.0302 -0.016,-0.033 -0.031,-0.0625 -0.016,-0.0295 -0.014,-0.003 -0.031,-0.0312 -0.017,-0.0287 -0.013,-0.0347 -0.031,-0.0625 -0.018,-0.0278 -0.011,-0.004 -0.031,-0.0312 -0.02,-0.0268 -0.01,-0.005 -0.031,-0.0312 -0.021,-0.0258 -0.01,-0.0378 -0.031,-0.0625 -0.022,-0.0247 -0.01,-0.008 -0.031,-0.0312 -0.024,-0.0236 -0.01,-0.009 -0.031,-0.0312 -0.025,-0.0224 -0.037,-0.0101 -0.063,-0.0312 -0.026,-0.0211 -0,-0.0115 -0.031,-0.0312 -0.027,-0.0198 -0,-0.0128 -0.031,-0.0312 -0.028,-0.0184 -0.034,-0.0142 -0.063,-0.0312 -0.029,-0.017 -0,-0.0157 -0.031,-0.0312 -0.03,-0.0156 -0.032,-0.0172 -0.062,-0.0312 -0.03,-0.0141 -4e-4,-0.0187 -0.031,-0.0312 -0.031,-0.0126 -0.031,0.011 -0.062,0 -0.032,-0.011 -0.031,-0.0218 -0.063,-0.0312 -0.032,-0.009 0,0.008 -0.031,0 -0.032,-0.008 -0.03,-0.025 -0.062,-0.0312 -0.033,-0.006 -0.03,0.005 -0.062,0 -0.033,-0.005 0,0.003 -0.031,0 -0.033,-0.003 -0.029,0.001 -0.063,0 -0.033,-0.001 -0.029,-4e-4 -0.062,0 l -4.7813,0 c -0.033,-4e-4 -0.029,-0.001 -0.062,0 -0.033,0.001 -0.029,-0.003 -0.062,0 -0.033,0.003 0,-0.005 -0.031,0 -0.033,0.005 -0.03,-0.006 -0.062,0 z m 21.2812,7 29.6562,0 c 0.1902,0 0.4252,0.0504 0.5938,0.21875 0.1686,0.16834 0.2187,0.40306 0.2188,0.59375 l 0,22.0625 c 0,0.19069 -0.065,0.41873 -0.2188,0.59375 -0.1541,0.17502 -0.3827,0.25 -0.5938,0.25 l -29.6562,0 c -0.211,0 -0.4308,-0.0873 -0.5938,-0.25 -0.1629,-0.16272 -0.25,-0.3823 -0.25,-0.59375 l 0,-22.0625 c 0,-0.21145 0.075,-0.43985 0.25,-0.59375 0.1753,-0.1539 0.4036,-0.21875 0.5938,-0.21875 z m -14.375,4.78125 5.75,0 c 0.211,0 0.4396,0.075 0.5938,0.25 0.1541,0.17502 0.2187,0.40306 0.2187,0.59375 l 0,5.75 c 0,0.19069 -0.05,0.42541 -0.2187,0.59375 -0.1686,0.16834 -0.4036,0.21875 -0.5938,0.21875 l -5.75,0 c -0.1902,0 -0.4252,-0.0504 -0.5938,-0.21875 -0.1685,-0.16834 -0.2186,-0.40316 -0.2187,-0.59375 l 0,-5.75 c 0,-0.19069 0.065,-0.41873 0.2187,-0.59375 0.1542,-0.17502 0.3828,-0.25 0.5938,-0.25 z m 52.6562,0 5.7188,0 c 0.211,0 0.4308,0.0873 0.5938,0.25 0.1629,0.16273 0.25,0.3823 0.25,0.59375 l 0,5.75 c 0,0.21145 -0.075,0.43985 -0.25,0.59375 -0.1753,0.1539 -0.4036,0.21875 -0.5938,0.21875 l -5.7188,0 c -0.1901,0 -0.4185,-0.0649 -0.5937,-0.21875 -0.1752,-0.15386 -0.2499,-0.38233 -0.25,-0.59375 l 0,-5.75 c 0,-0.21152 0.087,-0.43106 0.25,-0.59375 0.1629,-0.16269 0.3828,-0.25 0.5937,-0.25 z m -52.6562,14.40625 5.75,0 c 0.1902,0 0.4252,0.0504 0.5938,0.21875 0.1685,0.16834 0.2187,0.40306 0.2187,0.59375 l 0,5.75 c 0,0.19069 -0.065,0.41873 -0.2187,0.59375 -0.1542,0.17502 -0.3828,0.25 -0.5938,0.25 l -5.75,0 c -0.211,0 -0.4397,-0.075 -0.5938,-0.25 -0.154,-0.17502 -0.2186,-0.40317 -0.2187,-0.59375 l 0,-5.75 c 0,-0.19069 0.05,-0.42541 0.2187,-0.59375 0.1686,-0.16834 0.4036,-0.21875 0.5938,-0.21875 z m 52.6562,0 5.7188,0 c 0.1902,0 0.4185,0.0648 0.5938,0.21875 0.1752,0.1539 0.25,0.3823 0.25,0.59375 l 0,5.75 c 0,0.21145 -0.087,0.43103 -0.25,0.59375 -0.163,0.16272 -0.3828,0.25 -0.5938,0.25 l -5.7188,0 c -0.211,0 -0.4308,-0.0873 -0.5937,-0.25 -0.1629,-0.16268 -0.2499,-0.38234 -0.25,-0.59375 l 0,-5.75 c 0,-0.21152 0.075,-0.4399 0.25,-0.59375 0.1752,-0.15385 0.4036,-0.21875 0.5937,-0.21875 z m -52.6562,14.375 5.75,0 c 0.211,0 0.4396,0.075 0.5938,0.25 0.1541,0.17502 0.2187,0.40306 0.2187,0.59375 l 0,5.75 c 0,0.19069 -0.05,0.42541 -0.2187,0.59375 -0.1686,0.16834 -0.4036,0.21875 -0.5938,0.21875 l -5.75,0 c -0.1902,0 -0.4252,-0.0504 -0.5938,-0.21875 -0.1685,-0.16834 -0.2186,-0.40315 -0.2187,-0.59375 l 0,-5.75 c 0,-0.19069 0.065,-0.41873 0.2187,-0.59375 0.1542,-0.17502 0.3828,-0.25 0.5938,-0.25 z m 52.6562,0 5.7188,0 c 0.211,0 0.4308,0.0873 0.5938,0.25 0.1629,0.16272 0.25,0.3823 0.25,0.59375 l 0,5.75 c 0,0.21145 -0.075,0.43985 -0.25,0.59375 -0.1753,0.1539 -0.4036,0.21875 -0.5938,0.21875 l -5.7188,0 c -0.1901,0 -0.4185,-0.0649 -0.5937,-0.21875 -0.1752,-0.15386 -0.2499,-0.38233 -0.25,-0.59375 l 0,-5.75 c 0,-0.21152 0.087,-0.43107 0.25,-0.59375 0.1629,-0.16268 0.3827,-0.25 0.5937,-0.25 z m -38.2812,2.875 29.6562,0 c 0.2111,0 0.4397,0.075 0.5938,0.25 0.1541,0.17502 0.2188,0.40306 0.2188,0.59375 l 0,22.0625 c 0,0.19069 -0.05,0.42541 -0.2188,0.59375 -0.1686,0.16834 -0.4036,0.21875 -0.5938,0.21875 l -29.6562,0 c -0.1902,0 -0.4185,-0.0648 -0.5938,-0.21875 -0.1752,-0.1539 -0.25,-0.3823 -0.25,-0.59375 l 0,-22.0625 c 0,-0.21145 0.087,-0.43103 0.25,-0.59375 0.163,-0.16272 0.3828,-0.25 0.5938,-0.25 z m -14.375,11.53125 5.75,0 c 0.1902,0 0.4252,0.0504 0.5938,0.21875 0.1685,0.16834 0.2187,0.40306 0.2187,0.59375 l 0,5.75 c 0,0.19069 -0.065,0.41873 -0.2187,0.59375 -0.1542,0.17502 -0.3828,0.25 -0.5938,0.25 l -5.75,0 c -0.211,0 -0.4397,-0.075 -0.5938,-0.25 -0.154,-0.17502 -0.2186,-0.40317 -0.2187,-0.59375 l 0,-5.75 c 0,-0.19069 0.05,-0.42541 0.2187,-0.59375 0.1686,-0.16834 0.4036,-0.21875 0.5938,-0.21875 z m 52.6562,0 5.7188,0 c 0.1902,0 0.4185,0.0648 0.5938,0.21875 0.1752,0.1539 0.25,0.3823 0.25,0.59375 l 0,5.75 c 0,0.21145 -0.087,0.43103 -0.25,0.59375 -0.163,0.16272 -0.3828,0.25 -0.5938,0.25 l -5.7188,0 c -0.211,0 -0.4308,-0.0873 -0.5937,-0.25 -0.1629,-0.16268 -0.2499,-0.38234 -0.25,-0.59375 l 0,-5.75 c 0,-0.21152 0.075,-0.4399 0.25,-0.59375 0.1752,-0.15385 0.4036,-0.21875 0.5937,-0.21875 z"
-       transform="matrix(1.2156385,0,0,1.2125668,-2107.9348,472.07813)" />
+       inkscape:radius="0.45348555"
+       inkscape:original="M 2070.4375 1098.4375 L 2056.0625 1101 L 2063.375 1114.5312 L 2072.9688 1112.8438 L 2070.4375 1098.4375 z M 2046.4688 1102.6875 L 2032.0938 1105.2188 L 2039.4062 1118.75 L 2053.8125 1116.2188 L 2046.4688 1102.6875 z M 2022.5 1106.9062 L 2008.125 1109.4688 L 2015.4375 1122.9688 L 2029.8438 1120.4375 L 2022.5 1106.9062 z M 2001 1110.0625 L 2001 1124.6562 L 2001 1139.25 L 2005.875 1124.6562 L 2001 1110.0625 z M 2001 1139.25 L 2001 1161.625 L 2001 1166.5 C 2001 1169.195 2003.1788 1171.375 2005.875 1171.375 L 2069.125 1171.375 C 2071.8211 1171.375 2074 1169.195 2074 1166.5 L 2074 1161.625 L 2074 1139.25 L 2074 1124.6562 L 2064.2812 1124.6562 L 2059.4062 1139.25 L 2049.6562 1139.25 L 2054.5312 1124.6562 L 2039.9375 1124.6562 L 2035.0625 1139.25 L 2025.3438 1139.25 L 2030.1875 1124.6562 L 2015.5938 1124.6562 L 2010.7188 1139.25 L 2001 1139.25 z "
+       style="color:#000000;fill:#777777;fill-opacity:1;fill-rule:nonzero;stroke:none;marker:none;visibility:visible;display:inline;overflow:visible;enable-background:accumulate"
+       id="path4844-8"
+       d="m 2070.4375,1097.9688 a 0.4535309,0.4535309 0 0 0 -0.094,0.031 l -14.375,2.5625 a 0.4535309,0.4535309 0 0 0 -0.3126,0.6563 l 7.3126,13.5312 a 0.4535309,0.4535309 0 0 0 0.5,0.2188 l 9.5937,-1.6876 a 0.4535309,0.4535309 0 0 0 0.3437,-0.5312 l -2.5312,-14.4062 a 0.4535309,0.4535309 0 0 0 -0.4375,-0.375 z m -23.9687,4.25 a 0.4535309,0.4535309 0 0 0 -0.094,0.031 l -14.375,2.5312 a 0.4535309,0.4535309 0 0 0 -0.3125,0.6563 l 7.3125,13.5313 a 0.4535309,0.4535309 0 0 0 0.5,0.2187 l 14.4062,-2.5313 a 0.4535309,0.4535309 0 0 0 0.3126,-0.6562 l -7.3438,-13.5312 a 0.4535309,0.4535309 0 0 0 -0.4062,-0.25 z m -23.9688,4.2187 a 0.4535309,0.4535309 0 0 0 -0.094,0.031 l -14.375,2.5624 a 0.4535309,0.4535309 0 0 0 -0.3124,0.6563 l 7.3124,13.5 a 0.4535309,0.4535309 0 0 0 0.5,0.2187 l 14.4063,-2.5312 a 0.4535309,0.4535309 0 0 0 0.3125,-0.6562 l -7.3438,-13.5313 a 0.4535309,0.4535309 0 0 0 -0.4062,-0.25 z m -21.6562,3.1875 a 0.4535309,0.4535309 0 0 0 -0.3126,0.4375 l 0,14.5937 0,14.5938 0,22.375 0,4.875 c 0,2.9394 2.4032,5.3438 5.3438,5.3438 l 63.25,0 c 2.9406,0 5.3437,-2.4044 5.3438,-5.3438 l 0,-4.875 0,-22.375 0,-14.5938 A 0.4535309,0.4535309 0 0 0 2074,1124.1875 l -9.7188,0 a 0.4535309,0.4535309 0 0 0 -0.4374,0.3125 l -4.7813,14.2812 -8.75,0 4.6563,-13.9687 a 0.4535309,0.4535309 0 0 0 -0.4376,-0.625 l -14.5937,0 A 0.4535309,0.4535309 0 0 0 2039.5,1124.5 l -4.7812,14.2812 -8.7188,0 4.625,-13.9687 a 0.4535309,0.4535309 0 0 0 -0.4375,-0.625 l -14.5937,0 a 0.4535309,0.4535309 0 0 0 -0.4376,0.3125 l -4.7812,14.2812 -8.7188,0 4.6563,-13.9687 a 0.4535309,0.4535309 0 0 0 0,-0.3125 l -4.875,-14.5938 a 0.4535309,0.4535309 0 0 0 -0.5937,-0.2812 z"
+       transform="matrix(1.217231,0,0,1.2182741,-2415.1083,-395.26477)" />
   </g>
 </svg>
diff --git a/vlc-android/res/drawable-hdpi/ic_menu_audio.png b/vlc-android/res/drawable-hdpi/ic_menu_audio.png
index 1e3c628648..13368a3446 100644
Binary files a/vlc-android/res/drawable-hdpi/ic_menu_audio.png and b/vlc-android/res/drawable-hdpi/ic_menu_audio.png differ
diff --git a/vlc-android/res/drawable-hdpi/ic_menu_video.png b/vlc-android/res/drawable-hdpi/ic_menu_video.png
index 6c6707c4f4..ab954bc92f 100644
Binary files a/vlc-android/res/drawable-hdpi/ic_menu_video.png and b/vlc-android/res/drawable-hdpi/ic_menu_video.png differ
diff --git a/vlc-android/res/drawable-ldpi/ic_menu_audio.png b/vlc-android/res/drawable-ldpi/ic_menu_audio.png
index 38c0888bf1..335061ca6b 100644
Binary files a/vlc-android/res/drawable-ldpi/ic_menu_audio.png and b/vlc-android/res/drawable-ldpi/ic_menu_audio.png differ
diff --git a/vlc-android/res/drawable-ldpi/ic_menu_video.png b/vlc-android/res/drawable-ldpi/ic_menu_video.png
index f66d8ee09f..601fd9aaef 100644
Binary files a/vlc-android/res/drawable-ldpi/ic_menu_video.png and b/vlc-android/res/drawable-ldpi/ic_menu_video.png differ
diff --git a/vlc-android/res/drawable-mdpi/ic_menu_audio.png b/vlc-android/res/drawable-mdpi/ic_menu_audio.png
index 101f502546..69dfa2cc78 100644
Binary files a/vlc-android/res/drawable-mdpi/ic_menu_audio.png and b/vlc-android/res/drawable-mdpi/ic_menu_audio.png differ
diff --git a/vlc-android/res/drawable-mdpi/ic_menu_video.png b/vlc-android/res/drawable-mdpi/ic_menu_video.png
index 5742632dd9..abd1e1b680 100644
Binary files a/vlc-android/res/drawable-mdpi/ic_menu_video.png and b/vlc-android/res/drawable-mdpi/ic_menu_video.png differ
diff --git a/vlc-android/res/drawable-xhdpi/ic_menu_audio.png b/vlc-android/res/drawable-xhdpi/ic_menu_audio.png
index 3ae02fb483..13fda6cd58 100644
Binary files a/vlc-android/res/drawable-xhdpi/ic_menu_audio.png and b/vlc-android/res/drawable-xhdpi/ic_menu_audio.png differ
diff --git a/vlc-android/res/drawable-xhdpi/ic_menu_video.png b/vlc-android/res/drawable-xhdpi/ic_menu_video.png
index 18c5a2d45c..88bc40a289 100644
Binary files a/vlc-android/res/drawable-xhdpi/ic_menu_video.png and b/vlc-android/res/drawable-xhdpi/ic_menu_video.png differ
