diff --git a/assets/images/svg/ic_repeat_normal.svg b/assets/images/svg/ic_repeat_normal.svg
index 5ed3aead48..126e9477fb 100644
--- a/assets/images/svg/ic_repeat_normal.svg
+++ b/assets/images/svg/ic_repeat_normal.svg
@@ -14,7 +14,7 @@
    id="svg4682"
    version="1.1"
    inkscape:version="0.48.4 r9939"
-   sodipodi:docname="ic_play_normal.svg"
+   sodipodi:docname="ic_repeat_normal.svg"
    inkscape:export-filename="/home/corbax/Dev/android/Icons/Test 1/ic_play_normal.png"
    inkscape:export-xdpi="90"
    inkscape:export-ydpi="90">
@@ -37,7 +37,7 @@
      inkscape:pageopacity="0.0"
      inkscape:pageshadow="2"
      inkscape:zoom="5.6"
-     inkscape:cx="25.691635"
+     inkscape:cx="-16.808365"
      inkscape:cy="75.317769"
      inkscape:document-units="px"
      inkscape:current-layer="layer1"
@@ -45,7 +45,7 @@
      inkscape:window-width="1680"
      inkscape:window-height="1026"
      inkscape:window-x="1920"
-     inkscape:window-y="54"
+     inkscape:window-y="24"
      inkscape:window-maximized="1" />
   <metadata
      id="metadata4687">
@@ -55,7 +55,7 @@
         <dc:format>image/svg+xml</dc:format>
         <dc:type
            rdf:resource="http://purl.org/dc/dcmitype/StillImage" />
-        <dc:title></dc:title>
+        <dc:title />
       </cc:Work>
     </rdf:RDF>
   </metadata>
@@ -65,25 +65,18 @@
      id="layer1"
      transform="translate(0,-922.36218)">
     <g
-       transform="translate(-1248.3524,502.50557)"
-       id="g4580"
-       style="opacity:0.9">
+       id="g2997"
+       transform="translate(90,-3.0354457)">
       <path
-         style="fill:#323232;fill-opacity:1;stroke:#fafafa;stroke-width:2;stroke-linecap:butt;stroke-linejoin:round;stroke-miterlimit:4;stroke-opacity:1;stroke-dasharray:none"
-         d="m 1313.3524,447.35661 0,-5 15,20 -15,20 0,-5 -10,0 c -0.706,0 -1.4165,-0.005 -2.112,0.11613 -0.6955,0.12116 -1.3888,0.38467 -1.888,0.88387 -0.4992,0.4992 -0.7627,1.19253 -0.8839,1.88802 -0.1211,0.6955 -0.1161,1.40601 -0.1161,2.11198 l 0,5 c 0,0.76897 0.02,1.55076 0.2594,2.28158 0.2393,0.73081 0.6962,1.39179 1.3104,1.85444 0.6142,0.46265 1.365,0.72134 2.1268,0.82614 0.7618,0.10481 1.5349,0.066 2.3034,0.0378 1.6659,-0.0609 3.3341,-0.0609 5,0 l -11,15 11,15 -16,0 c -2.7169,0 -5.4694,-0.088 -8.0719,-0.86791 -2.6026,-0.77993 -5.007,-2.21095 -6.9281,-4.13209 -1.9211,-1.92114 -3.3522,-4.32551 -4.1321,-6.92806 -0.7799,-2.60255 -0.8679,-5.35504 -0.8679,-8.07194 l 0,-35 c 0,-2.7169 0.088,-5.46939 0.8679,-8.07194 0.7799,-2.60255 2.211,-5.00692 4.1321,-6.92806 1.9211,-1.92114 4.3255,-3.35216 6.9281,-4.13209 2.6025,-0.77992 5.355,-0.86791 8.0719,-0.86791 l 20,0"
-         id="path4582"
-         inkscape:path-effect="#path-effect4396"
-         inkscape:original-d="m 1313.3524,447.35661 0,-5 15,20 -15,20 0,-5 c 0,0 -8,0 -10,0 -2,0 -2,0 -4,1 -2,1 -1,2.33333 -1,4 0,1.66667 0,3.33333 0,5 0,1.66667 4.8215,3.82149 6,5 1.1785,1.17851 4,2 5,0 2,0 -11,15 -11,15 l 11,15 c 0,0 -10.1667,0 -16,0 -5.8334,0 -13.8215,-3.82149 -15,-5 -1.1785,-1.17851 -5,-3.33333 -5,-15 0,-11.66667 0,-23.33333 0,-35 0,-11.66666 3.8215,-13.82149 5,-15 1.1785,-1.17851 8.3333,-5 15,-5 6.6666,0 20,0 20,0 z"
          inkscape:connector-curvature="0"
-         sodipodi:nodetypes="ccccczzzzcccczzzzzzc" />
+         style="fill:#4b4b4b;fill-opacity:1;stroke:none"
+         d="m -19.03125,952.90668 12.3125,7.125 a 2.9442708,2.9520886 0 0 1 0.125,0.0625 c -0.0903,-0.0573 0.39494,0.28701 0.3125,0.21875 -0.0824,-0.0683 0.38575,0.39059 0.3125,0.3125 -0.0733,-0.0781 0.34415,0.39919 0.28125,0.3125 -0.0629,-0.0867 0.27031,0.43767 0.21875,0.34375 -0.0516,-0.0939 0.2269,0.50591 0.1875,0.40625 -0.0394,-0.0997 0.15162,0.51008 0.125,0.40625 -0.0266,-0.10383 0.0759,0.51261 0.0625,0.40625 -0.0134,-0.10636 0.0312,0.51345 0.0312,0.40625 0,-0.1072 -0.0447,0.54386 -0.0312,0.4375 0.0134,-0.10636 -0.0891,0.51008 -0.0625,0.40625 0.0266,-0.10383 -0.1644,0.47466 -0.125,0.375 0.0394,-0.0997 -0.23906,0.50017 -0.1875,0.40625 0.0516,-0.0939 -0.28165,0.43044 -0.21875,0.34375 0.0629,-0.0867 -0.3545,0.39059 -0.28125,0.3125 0.0733,-0.0781 -0.39494,0.38076 -0.3125,0.3125 0.0824,-0.0683 -0.40284,0.30735 -0.3125,0.25 a 2.9442708,2.9520886 0 0 1 -0.125,0.0312 L -19,972.90668 l 4.65625,0 C -9.17308,972.90368 -5,977.04851 -5,982.21918 l 0,16.34375 c 0,5.17067 -4.17308,9.34067 -9.34375,9.34377 l -1.65625,0 0,-4.625 a 0.39413909,0.39518563 0 0 0 -0.28125,-0.375 0.39413909,0.39518563 0 0 0 -0.3125,0.062 l -25.21875,14.5937 a 0.39413909,0.39518563 0 0 0 0,0.6875 l 25.21875,14.5937 A 0.39413909,0.39518563 0 0 0 -16,1032.5004 l 0,-4.5938 11,0 c 11.08,0 20,-8.9199 20,-19.9999 l 0,-35.00002 c 0,-11.08 -8.92,-20.00355 -20,-20 l -14.03125,0 z"
+         id="path6093" />
       <path
-         sodipodi:nodetypes="ccccczzzzcccczzzzzzc"
          inkscape:connector-curvature="0"
-         inkscape:original-d="m 1313.3524,522.35661 0,5 -15,-20 15,-20 0,5 c 0,0 8,0 10,0 2,0 2,0 4,-1 2,-1 1,-2.33333 1,-4 0,-1.66667 0,-3.33333 0,-5 0,-1.66667 -4.8215,-3.82149 -6,-5 -1.1785,-1.17851 -4,-2 -5,0 -2,0 11,-15 11,-15 l -11,-15 c 0,0 10.1666,0 16,0 5.8333,0 13.8215,3.82149 15,5 1.1785,1.17851 5,3.33333 5,15 0,11.66667 0,23.33333 0,35 0,11.66666 -3.8215,13.82149 -5,15 -1.1785,1.17851 -8.3334,5 -15,5 -6.6667,0 -20,0 -20,0 z"
-         inkscape:path-effect="#path-effect4421"
-         id="path4584"
-         d="m 1313.3524,522.35661 0,5 -15,-20 15,-20 0,5 10,0 c 0.706,0 1.4165,0.005 2.112,-0.11613 0.6955,-0.12116 1.3888,-0.38467 1.888,-0.88387 0.4992,-0.4992 0.7627,-1.19253 0.8839,-1.88802 0.1211,-0.6955 0.1161,-1.40601 0.1161,-2.11198 l 0,-5 c 0,-0.76897 -0.02,-1.55076 -0.2594,-2.28158 -0.2393,-0.73081 -0.6962,-1.39179 -1.3104,-1.85444 -0.6142,-0.46265 -1.365,-0.72134 -2.1268,-0.82614 -0.7618,-0.10481 -1.5349,-0.066 -2.3034,-0.0378 -1.6659,0.0609 -3.3341,0.0609 -5,0 l 11,-15 -11,-15 16,0 c 2.7169,0 5.4694,0.088 8.0719,0.86791 2.6026,0.77993 5.007,2.21095 6.9281,4.13209 1.9211,1.92114 3.3522,4.32551 4.1321,6.92806 0.7799,2.60255 0.8679,5.35504 0.8679,8.07194 l 0,35 c 0,2.7169 -0.088,5.46939 -0.8679,8.07194 -0.7799,2.60255 -2.211,5.00692 -4.1321,6.92806 -1.9211,1.92114 -4.3255,3.35216 -6.9281,4.13209 -2.6025,0.77992 -5.355,0.86791 -8.0719,0.86791 l -20,0"
-         style="fill:#323232;fill-opacity:1;stroke:#fafafa;stroke-width:2;stroke-linecap:butt;stroke-linejoin:round;stroke-miterlimit:4;stroke-opacity:1;stroke-dasharray:none" />
+         style="fill:#4b4b4b;fill-opacity:1;fill-rule:nonzero;stroke:none"
+         d="m -33.75,947.90668 a 0.39413909,0.39518563 0 0 0 -0.25,0.375 l 0,4.625 -11,0 c -0.34625,1.1e-4 -0.68943,-0.0172 -1.03125,0 -10.59657,0.53368 -18.96875,9.26625 -18.96875,20 l 0,35.00002 c 0,11.08 8.92,20.0035 20,19.9999 l 13.9375,0 -12.25,-7.0937 a 2.9772744,2.9851799 0 0 1 -0.0937,-0.031 c 0.0915,0.058 -0.42726,-0.3504 -0.34375,-0.2812 0.0835,0.069 -0.3867,-0.3604 -0.3125,-0.2813 0.0742,0.079 -0.34497,-0.4003 -0.28125,-0.3125 0.0637,0.088 -0.27098,-0.4701 -0.21875,-0.375 0.0522,0.095 -0.22741,-0.4759 -0.1875,-0.375 0.0399,0.101 -0.15196,-0.5114 -0.125,-0.4062 0.027,0.1051 -0.10734,-0.514 -0.0937,-0.4063 0.0136,0.1078 0,-0.5461 0,-0.4375 0,0.1086 0.0136,-0.514 0,-0.4062 -0.0136,0.1077 0.12071,-0.5427 0.0937,-0.4375 -0.027,0.1051 0.16491,-0.5072 0.125,-0.4063 -0.0399,0.101 0.23973,-0.4701 0.1875,-0.375 -0.0522,0.095 0.28247,-0.4315 0.21875,-0.3437 -0.0637,0.088 0.35545,-0.4229 0.28125,-0.3438 -0.0742,0.079 0.39601,-0.3504 0.3125,-0.2812 -0.0835,0.069 0.43525,-0.3394 0.34375,-0.2813 a 2.9772744,2.9851799 0 0 1 0.0937,-0.031 l 12.25,-7.0937 -4.59375,0 c -5.17067,0 -9.34375,-4.1732 -9.34375,-9.34387 l 0,-16.34375 c 0,-5.17067 4.17308,-9.30939 9.34375,-9.3125 l 1.65625,0 0,4.59375 a 0.39413909,0.39518563 0 0 0 0.59375,0.34375 L -8.1875,963.25043 a 0.39413909,0.39518563 0 0 0 0,-0.6875 l -25.21875,-14.59375 a 0.39413909,0.39518563 0 0 0 -0.3125,-0.0625 0.39413909,0.39518563 0 0 0 -0.0312,0 z"
+         id="path6095" />
     </g>
   </g>
 </svg>
diff --git a/assets/images/svg/ic_repeat_normal_w.svg b/assets/images/svg/ic_repeat_normal_w.svg
index cb94c09c21..7442760a86 100644
--- a/assets/images/svg/ic_repeat_normal_w.svg
+++ b/assets/images/svg/ic_repeat_normal_w.svg
@@ -45,7 +45,7 @@
      inkscape:pageopacity="0.0"
      inkscape:pageshadow="2"
      inkscape:zoom="5.6"
-     inkscape:cx="47.298778"
+     inkscape:cx="4.798778"
      inkscape:cy="75.317769"
      inkscape:document-units="px"
      inkscape:current-layer="layer1"
@@ -53,7 +53,7 @@
      inkscape:window-width="1680"
      inkscape:window-height="1026"
      inkscape:window-x="1920"
-     inkscape:window-y="54"
+     inkscape:window-y="24"
      inkscape:window-maximized="1" />
   <metadata
      id="metadata4687">
@@ -63,7 +63,7 @@
         <dc:format>image/svg+xml</dc:format>
         <dc:type
            rdf:resource="http://purl.org/dc/dcmitype/StillImage" />
-        <dc:title></dc:title>
+        <dc:title />
       </cc:Work>
     </rdf:RDF>
   </metadata>
@@ -73,25 +73,18 @@
      id="layer1"
      transform="translate(0,-922.36218)">
     <g
-       transform="translate(-1248.3524,502.50557)"
-       id="g5139"
-       style="opacity:0.9;fill:#fafafa;fill-opacity:1;stroke:#1e1e1e;stroke-opacity:1">
+       id="g2998"
+       transform="translate(45.178571,56.071433)">
       <path
-         style="fill:#fafafa;fill-opacity:1;stroke:#323232;stroke-width:2;stroke-linecap:butt;stroke-linejoin:round;stroke-miterlimit:4;stroke-opacity:1;stroke-dasharray:none"
-         d="m 1313.3524,447.35661 0,-5 15,20 -15,20 0,-5 -10,0 c -0.706,0 -1.4165,-0.005 -2.112,0.11613 -0.6955,0.12116 -1.3888,0.38467 -1.888,0.88387 -0.4992,0.4992 -0.7627,1.19253 -0.8839,1.88802 -0.1211,0.6955 -0.1161,1.40601 -0.1161,2.11198 l 0,5 c 0,0.76897 0.02,1.55076 0.2594,2.28158 0.2393,0.73081 0.6962,1.39179 1.3104,1.85444 0.6142,0.46265 1.365,0.72134 2.1268,0.82614 0.7618,0.10481 1.5349,0.066 2.3034,0.0378 1.6659,-0.0609 3.3341,-0.0609 5,0 l -11,15 11,15 -16,0 c -2.7169,0 -5.4694,-0.088 -8.0719,-0.86791 -2.6026,-0.77993 -5.007,-2.21095 -6.9281,-4.13209 -1.9211,-1.92114 -3.3522,-4.32551 -4.1321,-6.92806 -0.7799,-2.60255 -0.8679,-5.35504 -0.8679,-8.07194 l 0,-35 c 0,-2.7169 0.088,-5.46939 0.8679,-8.07194 0.7799,-2.60255 2.211,-5.00692 4.1321,-6.92806 1.9211,-1.92114 4.3255,-3.35216 6.9281,-4.13209 2.6025,-0.77992 5.355,-0.86791 8.0719,-0.86791 l 20,0"
-         id="path5141"
-         inkscape:path-effect="#path-effect4396-9"
-         inkscape:original-d="m 1313.3524,447.35661 0,-5 15,20 -15,20 0,-5 c 0,0 -8,0 -10,0 -2,0 -2,0 -4,1 -2,1 -1,2.33333 -1,4 0,1.66667 0,3.33333 0,5 0,1.66667 4.8215,3.82149 6,5 1.1785,1.17851 4,2 5,0 2,0 -11,15 -11,15 l 11,15 c 0,0 -10.1667,0 -16,0 -5.8334,0 -13.8215,-3.82149 -15,-5 -1.1785,-1.17851 -5,-3.33333 -5,-15 0,-11.66667 0,-23.33333 0,-35 0,-11.66666 3.8215,-13.82149 5,-15 1.1785,-1.17851 8.3333,-5 15,-5 6.6666,0 20,0 20,0 z"
-         inkscape:connector-curvature="0"
-         sodipodi:nodetypes="ccccczzzzcccczzzzzzc" />
+         id="path6034"
+         d="m 25.790179,893.79953 12.3125,7.125 a 2.9442708,2.9520886 0 0 1 0.125,0.0625 c -0.0903,-0.0574 0.39494,0.28701 0.3125,0.21875 -0.0824,-0.0683 0.38575,0.39059 0.3125,0.3125 -0.0733,-0.0781 0.34415,0.39919 0.28125,0.3125 -0.0629,-0.0867 0.27031,0.43767 0.21875,0.34375 -0.0516,-0.0939 0.2269,0.50591 0.1875,0.40625 -0.0394,-0.0997 0.15162,0.51008 0.125,0.40625 -0.0266,-0.10383 0.0759,0.51261 0.0625,0.40625 -0.0134,-0.10636 0.0312,0.51345 0.0312,0.40625 0,-0.1072 -0.0447,0.54386 -0.0312,0.4375 0.0134,-0.10636 -0.0891,0.51008 -0.0625,0.40625 0.0266,-0.10383 -0.1644,0.47466 -0.125,0.375 0.0394,-0.0997 -0.23906,0.50017 -0.1875,0.40625 0.0516,-0.0939 -0.28165,0.43044 -0.21875,0.34375 0.0629,-0.0867 -0.3545,0.39059 -0.28125,0.3125 0.0733,-0.0781 -0.39494,0.38076 -0.3125,0.3125 0.0824,-0.0683 -0.40284,0.30735 -0.3125,0.25 a 2.9442708,2.9520886 0 0 1 -0.125,0.0312 l -12.28125,7.12505 4.65625,0 c 5.17067,-0.003 9.34375,4.14183 9.34375,9.3125 l 0,16.34375 c 0,5.17067 -4.17308,9.34064 -9.34375,9.34375 l -1.65625,0 0,-4.625 a 0.39413909,0.39518563 0 0 0 -0.28125,-0.375 0.39413909,0.39518563 0 0 0 -0.3125,0.0625 L 3.0089286,958.45578 a 0.39413909,0.39518563 0 0 0 0,0.6875 l 25.2187504,14.59371 a 0.39413909,0.39518563 0 0 0 0.59375,-0.3437 l 0,-4.5938 11,0 c 11.08,0 20,-8.91996 20,-19.99996 l 0,-35 c 0,-11.08 -8.92,-20.00355 -20,-20 l -14.03125,0 z"
+         style="fill:#fafafa;fill-opacity:1;stroke:none"
+         inkscape:connector-curvature="0" />
       <path
-         sodipodi:nodetypes="ccccczzzzcccczzzzzzc"
-         inkscape:connector-curvature="0"
-         inkscape:original-d="m 1313.3524,522.35661 0,5 -15,-20 15,-20 0,5 c 0,0 8,0 10,0 2,0 2,0 4,-1 2,-1 1,-2.33333 1,-4 0,-1.66667 0,-3.33333 0,-5 0,-1.66667 -4.8215,-3.82149 -6,-5 -1.1785,-1.17851 -4,-2 -5,0 -2,0 11,-15 11,-15 l -11,-15 c 0,0 10.1666,0 16,0 5.8333,0 13.8215,3.82149 15,5 1.1785,1.17851 5,3.33333 5,15 0,11.66667 0,23.33333 0,35 0,11.66666 -3.8215,13.82149 -5,15 -1.1785,1.17851 -8.3334,5 -15,5 -6.6667,0 -20,0 -20,0 z"
-         inkscape:path-effect="#path-effect4421-1"
-         id="path5143"
-         d="m 1313.3524,522.35661 0,5 -15,-20 15,-20 0,5 10,0 c 0.706,0 1.4165,0.005 2.112,-0.11613 0.6955,-0.12116 1.3888,-0.38467 1.888,-0.88387 0.4992,-0.4992 0.7627,-1.19253 0.8839,-1.88802 0.1211,-0.6955 0.1161,-1.40601 0.1161,-2.11198 l 0,-5 c 0,-0.76897 -0.02,-1.55076 -0.2594,-2.28158 -0.2393,-0.73081 -0.6962,-1.39179 -1.3104,-1.85444 -0.6142,-0.46265 -1.365,-0.72134 -2.1268,-0.82614 -0.7618,-0.10481 -1.5349,-0.066 -2.3034,-0.0378 -1.6659,0.0609 -3.3341,0.0609 -5,0 l 11,-15 -11,-15 16,0 c 2.7169,0 5.4694,0.088 8.0719,0.86791 2.6026,0.77993 5.007,2.21095 6.9281,4.13209 1.9211,1.92114 3.3522,4.32551 4.1321,6.92806 0.7799,2.60255 0.8679,5.35504 0.8679,8.07194 l 0,35 c 0,2.7169 -0.088,5.46939 -0.8679,8.07194 -0.7799,2.60255 -2.211,5.00692 -4.1321,6.92806 -1.9211,1.92114 -4.3255,3.35216 -6.9281,4.13209 -2.6025,0.77992 -5.355,0.86791 -8.0719,0.86791 l -20,0"
-         style="fill:#fafafa;fill-opacity:1;stroke:#323232;stroke-width:2;stroke-linecap:butt;stroke-linejoin:round;stroke-miterlimit:4;stroke-opacity:1;stroke-dasharray:none" />
+         id="path6036"
+         d="m 11.071429,888.79953 a 0.39413909,0.39518563 0 0 0 -0.25,0.375 l 0,4.625 -11.00000043,0 c -0.34625,1.1e-4 -0.68943,-0.0172 -1.03124997,0 -10.5965696,0.53368 -18.9687496,9.26625 -18.9687496,20 l 0,35 c 0,11.08 8.92,20.00356 19.99999957,19.99996 l 13.93750043,0 -12.2500004,-7.09371 a 2.9772744,2.9851799 0 0 1 -0.0937,-0.0312 c 0.0915,0.0581 -0.42726003,-0.35039 -0.34375,-0.28125 0.0835,0.0691 -0.38670003,-0.36035 -0.31250003,-0.28125 0.0742,0.0791 -0.34497,-0.40031 -0.28125,-0.3125 0.0637,0.0878 -0.27098,-0.47013 -0.21875,-0.375 0.0522,0.0951 -0.22741,-0.47595 -0.1875,-0.375 0.0399,0.10095 -0.15196,-0.51142 -0.125,-0.40625 0.027,0.10517 -0.10734,-0.51398 -0.0937,-0.40625 0.0136,0.10773 0,-0.54609 0,-0.4375 0,0.10859 0.0136,-0.51398 0,-0.40625 -0.0136,0.10773 0.12071,-0.54267 0.0937,-0.4375 -0.027,0.10517 0.16491,-0.5072 0.125,-0.40625 -0.0399,0.10095 0.23973,-0.47013 0.1875,-0.375 -0.0522,0.0951 0.28247,-0.43156 0.21875,-0.34375 -0.0637,0.0878 0.35545,-0.42285 0.28125,-0.34375 -0.0742,0.0791 0.39601003,-0.35039 0.31250003,-0.28125 -0.0835,0.0691 0.43525,-0.33934 0.34375,-0.28125 a 2.9772744,2.9851799 0 0 1 0.0937,-0.0312 l 12.2500004,-7.09375 -4.5937504,0 c -5.17067,0.003 -9.34375003,-4.17318 -9.34375003,-9.34385 l 0,-16.34375 c 0,-5.17067 4.17308003,-9.30939 9.34375003,-9.3125 l 1.6562504,0 0,4.59375 a 0.39413909,0.39518563 0 0 0 0.59375,0.34375 l 25.21875,-14.59375 a 0.39413909,0.39518563 0 0 0 0,-0.6875 l -25.21875,-14.59375 a 0.39413909,0.39518563 0 0 0 -0.3125,-0.0625 0.39413909,0.39518563 0 0 0 -0.0312,0 z"
+         style="fill:#fafafa;fill-opacity:1;fill-rule:nonzero;stroke:none"
+         inkscape:connector-curvature="0" />
     </g>
   </g>
 </svg>
diff --git a/assets/images/svg/ic_repeat_one.svg b/assets/images/svg/ic_repeat_one.svg
index 62e74b803a..cb22f2b636 100644
--- a/assets/images/svg/ic_repeat_one.svg
+++ b/assets/images/svg/ic_repeat_one.svg
@@ -14,7 +14,7 @@
    id="svg4682"
    version="1.1"
    inkscape:version="0.48.4 r9939"
-   sodipodi:docname="ic_repeat_glow.svg"
+   sodipodi:docname="ic_repeat_one.svg"
    inkscape:export-filename="/home/corbax/Dev/android/Icons/Test 1/ic_play_normal.png"
    inkscape:export-xdpi="90"
    inkscape:export-ydpi="90">
@@ -48,16 +48,16 @@
      borderopacity="1.0"
      inkscape:pageopacity="0.0"
      inkscape:pageshadow="2"
-     inkscape:zoom="3.959798"
-     inkscape:cx="36.481242"
-     inkscape:cy="73.695053"
+     inkscape:zoom="2.8"
+     inkscape:cx="-61.998965"
+     inkscape:cy="101.10553"
      inkscape:document-units="px"
      inkscape:current-layer="layer1"
      showgrid="false"
      inkscape:window-width="1680"
      inkscape:window-height="1026"
      inkscape:window-x="1920"
-     inkscape:window-y="54"
+     inkscape:window-y="24"
      inkscape:window-maximized="1" />
   <metadata
      id="metadata4687">
@@ -67,7 +67,7 @@
         <dc:format>image/svg+xml</dc:format>
         <dc:type
            rdf:resource="http://purl.org/dc/dcmitype/StillImage" />
-        <dc:title></dc:title>
+        <dc:title />
       </cc:Work>
     </rdf:RDF>
   </metadata>
@@ -77,39 +77,18 @@
      id="layer1"
      transform="translate(0,-922.36218)">
     <g
-       transform="translate(-1422.8319,300.06359)"
-       id="g4791"
-       style="opacity:0.9">
+       id="g3012"
+       transform="translate(110.48224,-8.148995)">
       <path
-         sodipodi:nodetypes="ccccczzzzccczzzzzzc"
          inkscape:connector-curvature="0"
-         inkscape:original-d="m 1487.8438,649.85661 0,-5 15,20 -15,20 0,-5 c 0,0 -8,0 -10,0 -2,0 -2,0 -4,1 -2,1 -1,2.33333 -1,4 0,1.66667 0,3.33333 0,5 0,1.66667 4.8214,3.82149 6,5 1.1785,1.17851 23,2 24,0 -8.8468,17.18292 -12.6821,12.70624 0,30 0,0 -29.1667,0 -35,0 -5.8334,0 -13.8215,-3.82149 -15,-5 -1.1786,-1.17851 -5,-3.33333 -5,-15 0,-11.66667 0,-23.33333 0,-35 0,-11.66666 3.8214,-13.82149 5,-15 1.1785,-1.17851 8.3333,-5 15,-5 6.6666,0 20,0 20,0 z"
-         inkscape:path-effect="#path-effect4662"
-         id="path4628"
-         d="m 1487.8438,649.85661 0,-5 15,20 -15,20 0,-5 -10,0 c -0.706,0 -1.4165,-0.005 -2.112,0.11613 -0.6955,0.12116 -1.3888,0.38467 -1.888,0.88387 -0.4992,0.4992 -0.7627,1.19253 -0.8839,1.88802 -0.1211,0.6955 -0.1161,1.40601 -0.1161,2.11198 l 0,5 c 0,0.77049 0.02,1.55364 0.2578,2.28649 0.2378,0.73284 0.6926,1.39701 1.306,1.8632 0.6135,0.46619 1.3652,0.72847 2.1286,0.83249 0.7634,0.10402 1.5383,0.06 2.3076,0.0178 7.992,-0.438 16.008,-0.438 24,0 l 0,30 -35,0 c -2.7169,0 -5.4694,-0.088 -8.0719,-0.86791 -2.6026,-0.77993 -5.007,-2.21095 -6.9281,-4.13209 -1.9211,-1.92114 -3.3522,-4.32551 -4.1321,-6.92806 -0.7799,-2.60255 -0.8679,-5.35504 -0.8679,-8.07194 l 0,-35 c 0,-2.7169 0.088,-5.46939 0.8679,-8.07194 0.7799,-2.60255 2.211,-5.00692 4.1321,-6.92806 1.9211,-1.92114 4.3255,-3.35216 6.9281,-4.13209 2.6025,-0.77992 5.355,-0.86791 8.0719,-0.86791 l 20,0"
-         style="fill:#ff8800;fill-opacity:1;stroke:#fafafa;stroke-width:2;stroke-linecap:butt;stroke-linejoin:round;stroke-miterlimit:4;stroke-opacity:1;stroke-dasharray:none" />
+         id="path6137"
+         d="m -31.513496,993.02047 c -10.5674,0.53566 -18.96875,9.29943 -18.96875,20.00003 0,11.0457 8.95431,19.9999 20,19.9999 11.04569,0 20,-8.9542 20,-19.9999 0,-11.0457 -8.95431,-20.00003 -20,-20.00003 -0.34518,0 -0.69037,-0.0173 -1.03125,0 z m -0.6875,5.25 3.96875,0 0,26.12503 6.53125,0 0,3.3437 -16.96875,0 0,-3.3437 6.5,0 0,-22.5 -7.09375,1.4375 0,-3.62503 7.0625,-1.4375 z"
+         style="opacity:0.9;fill:#ff8800;fill-opacity:1;stroke:none" />
       <path
-         transform="matrix(1.0462275,0,0,1.0462275,1309.6594,-166.9958)"
-         d="m 205,832.36218 c 0,11.0457 -8.95431,20 -20,20 -11.04569,0 -20,-8.9543 -20,-20 0,-11.04569 8.95431,-20 20,-20 11.04569,0 20,8.95431 20,20 z"
-         sodipodi:ry="20"
-         sodipodi:rx="20"
-         sodipodi:cy="832.36218"
-         sodipodi:cx="185"
-         id="path4630"
-         style="fill:#ff8800;fill-opacity:1;stroke:#fafafa;stroke-width:1.91163015;stroke-linejoin:miter;stroke-miterlimit:4;stroke-opacity:1;stroke-dasharray:none"
-         sodipodi:type="arc" />
-      <text
-         sodipodi:linespacing="125%"
-         id="text4632"
-         y="718.57538"
-         x="1490"
-         style="font-size:40.41395187px;font-style:normal;font-weight:normal;line-height:125%;letter-spacing:0px;word-spacing:0px;fill:#fafafa;fill-opacity:1;stroke:none;font-family:Sans"
-         xml:space="preserve"><tspan
-           style="font-style:normal;font-variant:normal;font-weight:normal;font-stretch:normal;fill:#fafafa;fill-opacity:1;stroke:none;font-family:OpenSymbol;-inkscape-font-specification:OpenSymbol"
-           y="718.57538"
-           x="1490"
-           id="tspan4634"
-           sodipodi:role="line">1</tspan></text>
+         id="path6139"
+         d="m -54.232246,953.02047 a 0.39413909,0.39518563 0 0 0 -0.25,0.375 l 0,4.625 -11,0 c -0.34625,1.1e-4 -0.68943,-0.0172 -1.03125,0 -10.59657,0.53368 -18.96875,9.26625 -18.96875,20 l 0,35.00003 c 0,11.08 8.92,20.0035 20,19.9999 l 5,0 8.9375,0 9.8125,0 c -6.98613,-3.9453 -11.71875,-11.4263 -11.71875,-19.9999 l -2.6875,0 c -5.17067,0 -9.34375,-4.1731 -9.34375,-9.3438 l 0,-16.34373 c 0,-5.17067 4.17308,-9.30939 9.34375,-9.3125 l 1.65625,0 0,4.59375 a 0.39413909,0.39518563 0 0 0 0.59375,0.34375 l 25.21875,-14.59375 a 0.39413909,0.39518563 0 0 0 0,-0.6875 l -25.21875,-14.59375 a 0.39413909,0.39518563 0 0 0 -0.3125,-0.0625 0.39413909,0.39518563 0 0 0 -0.0312,0 z"
+         style="opacity:0.9;fill:#ff8800;fill-opacity:1;fill-rule:nonzero;stroke:none"
+         inkscape:connector-curvature="0" />
     </g>
   </g>
 </svg>
diff --git a/assets/images/svg/ic_repeat_pressed.svg b/assets/images/svg/ic_repeat_pressed.svg
index 8d3d6be2ca..4b79cdb253 100644
--- a/assets/images/svg/ic_repeat_pressed.svg
+++ b/assets/images/svg/ic_repeat_pressed.svg
@@ -14,7 +14,7 @@
    id="svg4682"
    version="1.1"
    inkscape:version="0.48.4 r9939"
-   sodipodi:docname="ic_repeat.svg"
+   sodipodi:docname="ic_repeat_pressed.svg"
    inkscape:export-filename="/home/corbax/Dev/android/Icons/Test 1/ic_play_normal.png"
    inkscape:export-xdpi="90"
    inkscape:export-ydpi="90">
@@ -45,7 +45,7 @@
      inkscape:pageopacity="0.0"
      inkscape:pageshadow="2"
      inkscape:zoom="5.6"
-     inkscape:cx="25.691635"
+     inkscape:cx="-16.808365"
      inkscape:cy="75.317769"
      inkscape:document-units="px"
      inkscape:current-layer="layer1"
@@ -53,7 +53,7 @@
      inkscape:window-width="1680"
      inkscape:window-height="1026"
      inkscape:window-x="1920"
-     inkscape:window-y="54"
+     inkscape:window-y="24"
      inkscape:window-maximized="1" />
   <metadata
      id="metadata4687">
@@ -63,7 +63,7 @@
         <dc:format>image/svg+xml</dc:format>
         <dc:type
            rdf:resource="http://purl.org/dc/dcmitype/StillImage" />
-        <dc:title></dc:title>
+        <dc:title />
       </cc:Work>
     </rdf:RDF>
   </metadata>
@@ -73,25 +73,18 @@
      id="layer1"
      transform="translate(0,-922.36218)">
     <g
-       transform="translate(-1328.3524,302.50557)"
-       id="g4787"
-       style="opacity:0.9">
+       id="g2999"
+       transform="translate(55.714286,31.428573)">
       <path
-         style="fill:#ff8800;fill-opacity:1;stroke:#fafafa;stroke-width:2;stroke-linecap:butt;stroke-linejoin:round;stroke-miterlimit:4;stroke-opacity:1;stroke-dasharray:none"
-         d="m 1393.3524,647.35661 0,-5 15,20 -15,20 0,-5 -10,0 c -0.706,0 -1.4165,-0.005 -2.112,0.11613 -0.6955,0.12116 -1.3888,0.38467 -1.888,0.88387 -0.4992,0.4992 -0.7627,1.19253 -0.8839,1.88802 -0.1211,0.6955 -0.1161,1.40601 -0.1161,2.11198 l 0,5 c 0,0.76897 0.02,1.55076 0.2594,2.28158 0.2393,0.73081 0.6962,1.39179 1.3104,1.85444 0.6142,0.46265 1.365,0.72134 2.1268,0.82614 0.7618,0.10481 1.5349,0.066 2.3034,0.0378 1.6659,-0.061 3.3341,-0.061 5,0 l -11,15 11,15 -16,0 c -2.7169,0 -5.4694,-0.088 -8.0719,-0.86791 -2.6026,-0.77993 -5.007,-2.21095 -6.9281,-4.13209 -1.9211,-1.92114 -3.3522,-4.32551 -4.1321,-6.92806 -0.7799,-2.60255 -0.8679,-5.35504 -0.8679,-8.07194 l 0,-35 c 0,-2.7169 0.088,-5.46939 0.8679,-8.07194 0.7799,-2.60255 2.211,-5.00692 4.1321,-6.92806 1.9211,-1.92114 4.3255,-3.35216 6.9281,-4.13209 2.6025,-0.77992 5.355,-0.86791 8.0719,-0.86791 l 20,0"
-         id="path4622"
-         inkscape:path-effect="#path-effect4668"
-         inkscape:original-d="m 1393.3524,647.35661 0,-5 15,20 -15,20 0,-5 c 0,0 -8,0 -10,0 -2,0 -2,0 -4,1 -2,1 -1,2.33333 -1,4 0,1.66667 0,3.33333 0,5 0,1.66667 4.8215,3.82149 6,5 1.1785,1.17851 4,2 5,0 2,0 -11,15 -11,15 l 11,15 c 0,0 -10.1667,0 -16,0 -5.8334,0 -13.8215,-3.82149 -15,-5 -1.1785,-1.17851 -5,-3.33333 -5,-15 0,-11.66667 0,-23.33333 0,-35 0,-11.66666 3.8215,-13.82149 5,-15 1.1785,-1.17851 8.3333,-5 15,-5 6.6666,0 20,0 20,0 z"
-         inkscape:connector-curvature="0"
-         sodipodi:nodetypes="ccccczzzzcccczzzzzzc" />
+         id="path6097"
+         d="m 15.254464,918.44239 12.3125,7.125 a 2.9442708,2.9520886 0 0 1 0.125,0.0625 c -0.0903,-0.0573 0.39494,0.28701 0.3125,0.21875 -0.0824,-0.0683 0.38575,0.39059 0.3125,0.3125 -0.0733,-0.0781 0.34415,0.39919 0.28125,0.3125 -0.0629,-0.0867 0.27031,0.43767 0.21875,0.34375 -0.0516,-0.0939 0.2269,0.50591 0.1875,0.40625 -0.0394,-0.0997 0.15162,0.51008 0.125,0.40625 -0.0266,-0.10383 0.0759,0.51261 0.0625,0.40625 -0.0134,-0.10636 0.0312,0.51345 0.0312,0.40625 0,-0.1072 -0.0447,0.54386 -0.0312,0.4375 0.0134,-0.10636 -0.0891,0.51008 -0.0625,0.40625 0.0266,-0.10383 -0.1644,0.47466 -0.125,0.375 0.0394,-0.0997 -0.23906,0.50017 -0.1875,0.40625 0.0516,-0.0939 -0.28165,0.43044 -0.21875,0.34375 0.0629,-0.0867 -0.3545,0.39059 -0.28125,0.3125 0.0733,-0.0781 -0.39494,0.38076 -0.3125,0.3125 0.0824,-0.0683 -0.40284,0.30735 -0.3125,0.25 a 2.9442708,2.9520886 0 0 1 -0.125,0.0312 l -12.28125,7.12505 4.65625,0 c 5.17067,-0.003 9.34375,4.14183 9.34375,9.3125 l 0,16.34375 c 0,5.17067 -4.17308,9.34064 -9.34375,9.34375 l -1.65625,0 0,-4.625 a 0.39413909,0.39518563 0 0 0 -0.28125,-0.375 0.39413909,0.39518563 0 0 0 -0.3125,0.0625 l -25.2187497,14.59375 a 0.39413909,0.39518563 0 0 0 0,0.6875 l 25.2187497,14.59371 a 0.39413909,0.39518563 0 0 0 0.59375,-0.3437 l 0,-4.5938 11,0 c 11.08,0 20,-8.91996 20,-19.99996 l 0,-35 c 0,-11.08 -8.92,-20.00355 -20,-20 l -14.03125,0 z"
+         style="opacity:0.9;fill:#ff8800;fill-opacity:1;stroke:none"
+         inkscape:connector-curvature="0" />
       <path
-         sodipodi:nodetypes="ccccczzzzcccczzzzzzc"
-         inkscape:connector-curvature="0"
-         inkscape:original-d="m 1393.3524,722.35661 0,5 -15,-20 15,-20 0,5 c 0,0 8,0 10,0 2,0 2,0 4,-1 2,-1 1,-2.33333 1,-4 0,-1.66667 0,-3.33333 0,-5 0,-1.66667 -4.8215,-3.82149 -6,-5 -1.1785,-1.17851 -4,-2 -5,0 -2,0 11,-15 11,-15 l -11,-15 c 0,0 10.1666,0 16,0 5.8333,0 13.8215,3.82149 15,5 1.1785,1.17851 5,3.33333 5,15 0,11.66667 0,23.33333 0,35 0,11.66666 -3.8215,13.82149 -5,15 -1.1785,1.17851 -8.3334,5 -15,5 -6.6667,0 -20,0 -20,0 z"
-         inkscape:path-effect="#path-effect4665"
-         id="path4624"
-         d="m 1393.3524,722.35661 0,5 -15,-20 15,-20 0,5 10,0 c 0.706,0 1.4165,0.005 2.112,-0.11613 0.6955,-0.12116 1.3888,-0.38467 1.888,-0.88387 0.4992,-0.4992 0.7627,-1.19253 0.8839,-1.88802 0.1211,-0.6955 0.1161,-1.40601 0.1161,-2.11198 l 0,-5 c 0,-0.76897 -0.02,-1.55076 -0.2594,-2.28158 -0.2393,-0.73081 -0.6962,-1.39179 -1.3104,-1.85444 -0.6142,-0.46265 -1.365,-0.72134 -2.1268,-0.82614 -0.7618,-0.10481 -1.5349,-0.066 -2.3034,-0.0378 -1.6659,0.0609 -3.3341,0.0609 -5,0 l 11,-15 -11,-15 16,0 c 2.7169,0 5.4694,0.088 8.0719,0.86791 2.6026,0.77993 5.007,2.21095 6.9281,4.13209 1.9211,1.92114 3.3522,4.32551 4.1321,6.92806 0.7799,2.60255 0.8679,5.35504 0.8679,8.07194 l 0,35 c 0,2.7169 -0.088,5.46939 -0.8679,8.07194 -0.7799,2.60255 -2.211,5.00692 -4.1321,6.92806 -1.9211,1.92114 -4.3255,3.35216 -6.9281,4.13209 -2.6025,0.77992 -5.355,0.86791 -8.0719,0.86791 l -20,0"
-         style="fill:#ff8800;fill-opacity:1;stroke:#fafafa;stroke-width:2;stroke-linecap:butt;stroke-linejoin:round;stroke-miterlimit:4;stroke-opacity:1;stroke-dasharray:none" />
+         id="path6099"
+         d="m 0.53571429,913.44239 a 0.39413909,0.39518563 0 0 0 -0.25,0.375 l 0,4.625 -11.00000029,0 c -0.34625,1.1e-4 -0.68943,-0.0172 -1.03125,0 -10.59657,0.53368 -18.96875,9.26625 -18.96875,20 l 0,35 c 0,11.08 8.92,20.00356 20,19.99996 l 13.9375003,0 -12.25,-7.09371 a 2.9772744,2.9851799 0 0 1 -0.0937,-0.0312 c 0.0915,0.0581 -0.42726,-0.35039 -0.34375,-0.28125 0.0835,0.0691 -0.3867,-0.36035 -0.3125,-0.28125 0.0742,0.0791 -0.3449703,-0.40031 -0.2812503,-0.3125 0.0637,0.0878 -0.27098,-0.47013 -0.21875,-0.375 0.0522,0.0951 -0.22741,-0.47595 -0.1875,-0.375 0.0399,0.10095 -0.15196,-0.51142 -0.125,-0.40625 0.027,0.10517 -0.10734,-0.51398 -0.0937,-0.40625 0.0136,0.10773 0,-0.54609 0,-0.4375 0,0.10859 0.0136,-0.51398 0,-0.40625 -0.0136,0.10773 0.12071,-0.54267 0.0937,-0.4375 -0.027,0.10517 0.16491,-0.5072 0.125,-0.40625 -0.0399,0.10095 0.23973,-0.47013 0.1875,-0.375 -0.0522,0.0951 0.2824703,-0.43156 0.21875,-0.34375 -0.0637,0.0878 0.3554503,-0.42285 0.2812503,-0.34375 -0.0742,0.0791 0.39601,-0.35039 0.3125,-0.28125 -0.0835,0.0691 0.43525,-0.33934 0.34375,-0.28125 a 2.9772744,2.9851799 0 0 1 0.0937,-0.0312 l 12.25,-7.09375 -4.59375,0 c -5.17067,0.003 -9.3437503,-4.17318 -9.3437503,-9.34385 l 0,-16.34375 c 0,-5.17067 4.1730803,-9.30939 9.3437503,-9.3125 l 1.65624999,0 0,4.59375 a 0.39413909,0.39518563 0 0 0 0.59375,0.34375 L 26.098214,928.78614 a 0.39413909,0.39518563 0 0 0 0,-0.6875 L 0.87946429,913.50489 a 0.39413909,0.39518563 0 0 0 -0.3125,-0.0625 0.39413909,0.39518563 0 0 0 -0.0312,0 z"
+         style="opacity:0.9;fill:#ff8800;fill-opacity:1;fill-rule:nonzero;stroke:none"
+         inkscape:connector-curvature="0" />
     </g>
   </g>
 </svg>
diff --git a/assets/images/svg/ic_shuffle_normal.svg b/assets/images/svg/ic_shuffle_normal.svg
index 22c3f6cdd9..c95e6ae17d 100644
--- a/assets/images/svg/ic_shuffle_normal.svg
+++ b/assets/images/svg/ic_shuffle_normal.svg
@@ -14,7 +14,7 @@
    id="svg4682"
    version="1.1"
    inkscape:version="0.48.4 r9939"
-   sodipodi:docname="ic_shuffle_glow.svg"
+   sodipodi:docname="ic_shuffle_normal.svg"
    inkscape:export-filename="/home/corbax/Dev/android/Icons/Test 1/ic_play_normal.png"
    inkscape:export-xdpi="90"
    inkscape:export-ydpi="90">
@@ -65,7 +65,7 @@
      inkscape:pageopacity="0.0"
      inkscape:pageshadow="2"
      inkscape:zoom="3.959798"
-     inkscape:cx="36.481242"
+     inkscape:cx="-15.514382"
      inkscape:cy="73.695053"
      inkscape:document-units="px"
      inkscape:current-layer="layer1"
@@ -73,7 +73,7 @@
      inkscape:window-width="1680"
      inkscape:window-height="1026"
      inkscape:window-x="1920"
-     inkscape:window-y="54"
+     inkscape:window-y="24"
      inkscape:window-maximized="1" />
   <metadata
      id="metadata4687">
@@ -83,7 +83,7 @@
         <dc:format>image/svg+xml</dc:format>
         <dc:type
            rdf:resource="http://purl.org/dc/dcmitype/StillImage" />
-        <dc:title></dc:title>
+        <dc:title />
       </cc:Work>
     </rdf:RDF>
   </metadata>
@@ -93,25 +93,35 @@
      id="layer1"
      transform="translate(0,-922.36218)">
     <g
-       transform="translate(-1152.4281,502.50557)"
-       id="g4574"
-       style="opacity:0.9">
+       id="g3028"
+       transform="translate(230.41248,1.9226092)">
       <path
-         sodipodi:nodetypes="ccccccccccccccccccccc"
+         sodipodi:nodetypes="sssccccccccccs"
          inkscape:connector-curvature="0"
-         inkscape:original-d="m 1202.4226,450.31852 c -3.3334,0 -6.6667,-3 -10.0001,-3 l -14.9889,0.048 0,30 5,0 c 1.6667,0 8.3223,2.95201 9.9889,2.95201 3.3334,5 6.6667,7 10.0001,12 l 10,15 c 3.3333,5 6.6666,7 10,12 3.3333,0 6.6666,3 10,3 l 9,0 1,0 0,5 c -2.5575,12.68004 11.561,-16.56118 15,-20 -7.1714,-4.05825 -10,-10 -15,-20 l 0,5 -1,0 c -3,0 -6,-3 -9,-3 -3.3334,-5 -6.6667,-7 -10,-12 l -10,-15 c -3.3334,-5 -6.6667,-7 -10,-12.00001 z"
-         inkscape:path-effect="#path-effect4311"
-         id="path4576"
-         d="m 1202.4226,450.31852 c -1.3254,-1.19842 -2.9517,-2.05201 -4.6793,-2.50842 -1.7275,-0.45642 -3.534,-0.4973 -5.3208,-0.49158 l -14.9889,0.048 0,30 5,0 c 1.7803,0 3.5791,0.0452 5.3018,0.49426 1.7228,0.44905 3.3486,1.2839 4.6871,2.45775 3.9423,3.42891 7.1019,7.65266 10.0001,12 l 10,15 c 2.8982,4.34732 6.0578,8.57106 10,12 1.3304,1.19127 2.9566,2.04042 4.683,2.49717 1.7264,0.45676 3.5312,0.50283 5.317,0.50283 l 9,0 1,0 0,5 15,-20 -15,-20 0,5 -1,0 c -1.632,0 -3.2853,-0.0471 -4.8512,-0.507 -1.5659,-0.45991 -3.0195,-1.31476 -4.1488,-2.493 -3.9422,-3.42894 -7.1018,-7.65268 -10,-12 l -10,-15 c -2.8982,-4.34732 -6.0578,-8.57106 -10,-12.00001"
-         style="fill:#323232;fill-opacity:1;stroke:#fafafa;stroke-width:2;stroke-linecap:butt;stroke-linejoin:round;stroke-miterlimit:4;stroke-opacity:1;stroke-dasharray:none" />
+         id="path6101"
+         d="m -213.91248,1022.9396 c -1,0 -2,-1 -2,-2 l 0,-16 c 0,-1 1,-2 2,-2 3,0.013 9,-0.9871 11,-2.98706 14.78929,-14.79121 28.66311,-33.66311 44,-49 2,-2 4,-3 8,-3 5.99999,-0.0154 9,-0.0128 15,-0.0128 l 0,19.99983 -7,0.0128 c -3,0 -3.91189,0.90298 -6,3 -16,16.01279 -29,34.01303 -44,49.00013 -2,2 -4,3 -8,3 z"
+         style="fill:#4b4b4b;fill-opacity:1;stroke:none" />
+      <path
+         transform="matrix(0.56084977,0,0,0.56233897,-432.16869,633.27599)"
+         d="m 519.8125,550.6875 a 0.70275342,0.70275342 0 0 0 -0.5,0.6875 l 0,51.96875 a 0.70275342,0.70275342 0 0 0 1.03125,0.59375 l 45,-25.96875 a 0.70275342,0.70275342 0 0 0 0,-1.1875 l -45,-26 a 0.70275342,0.70275342 0 0 0 -0.53125,-0.0937 z"
+         id="path6103"
+         style="fill:#4b4b4b;fill-opacity:1;fill-rule:nonzero;stroke:none"
+         inkscape:original="M 520 551.375 L 520 603.34375 L 565 577.375 L 520 551.375 z "
+         inkscape:radius="0.70268315"
+         sodipodi:type="inkscape:offset" />
       <path
-         style="fill:#323232;fill-opacity:1;stroke:#fafafa;stroke-width:2;stroke-linecap:butt;stroke-linejoin:round;stroke-miterlimit:4;stroke-opacity:1;stroke-dasharray:none"
-         d="m 1202.4033,519.3947 c -1.3274,1.19548 -2.9537,2.04724 -4.6808,2.50379 -1.727,0.45655 -3.5328,0.49958 -5.3192,0.49621 l -14.9697,-0.0282 0,-30 5,0 c 1.7789,0 3.5765,-0.0456 5.2969,-0.49787 1.7204,-0.45229 3.3423,-1.29315 4.6728,-2.47394 3.9422,-3.42894 7.1018,-7.65268 10,-12 l 10,-15 c 2.8982,-4.34732 6.0578,-8.57106 10,-12 1.3304,-1.19127 2.9566,-2.04042 4.683,-2.49717 1.7264,-0.45676 3.5312,-0.50283 5.317,-0.50283 l 9,0 1,0 0,-5 15,20 -15,20 0,-5 -1,0 c -1.632,0 -3.2853,0.0471 -4.8512,0.507 -1.5659,0.45991 -3.0195,1.31476 -4.1488,2.493 -3.9422,3.42894 -7.1018,7.65268 -10,12 l -10,15 c -2.8982,4.34732 -6.0578,8.57106 -10,12.00001"
-         id="path4578"
-         inkscape:path-effect="#path-effect4313"
-         inkscape:original-d="m 1202.4033,519.3947 c -3.3333,0 -6.6667,3 -10,3 l -14.9697,-0.0282 0,-30 5,0 c 1.6667,0 8.303,-2.97181 9.9697,-2.97181 3.3333,-5 6.6667,-7 10,-12 l 10,-15 c 3.3333,-5 6.6667,-7 10,-12 3.3333,0 6.6667,-3 10,-3 l 9,0 1,0 0,-5 c -2.5574,-12.68004 11.5612,16.56118 15,20 -7.1713,4.05825 -10,10 -15,20 l 0,-5 -1,0 c -3,0 -6,3 -9,3 -3.3333,5 -6.6667,7 -10,12 l -10,15 c -3.3333,5 -6.6667,7 -10,12 z"
          inkscape:connector-curvature="0"
-         sodipodi:nodetypes="cccccccccccccccccccccc" />
+         style="fill:#4b4b4b;fill-opacity:1;stroke:none"
+         d="m -213.91248,947.95239 c -1,9.9e-4 -2,1 -2,2 l 0,16 c 0,1 1,2 2,2 3,-0.0128 9,1 11,3 3.82659,3.82709 7.59853,7.9147 11.34375,12.15625 4.49955,-5.17252 9.00794,-10.52433 13.59375,-15.84375 -4.88558,-5.65942 -9.78243,-11.16184 -14.9375,-16.3125 -2,-2 -4,-3 -8,-3 l -13,0 z m 53.625,39.8125 c -4.60782,5.27337 -9.11375,10.58456 -13.625,15.84371 4.90189,5.6487 9.8589,11.2027 15,16.3438 2,2 4,3 8,3 5.99999,0.015 9,0 15,0 l 0,-20 -7,0 c -3,0 -3.91189,-0.903 -6,-3.00001 -3.95781,-3.96098 -7.70864,-8.05899 -11.375,-12.1875 z"
+         id="path6105" />
+      <path
+         sodipodi:type="inkscape:offset"
+         inkscape:radius="0.70268315"
+         inkscape:original="M 520 551.375 L 520 603.34375 L 565 577.375 L 520 551.375 z "
+         style="fill:#4b4b4b;fill-opacity:1;fill-rule:nonzero;stroke:none"
+         id="path6107"
+         d="m 519.8125,550.6875 a 0.70275342,0.70275342 0 0 0 -0.5,0.6875 l 0,51.96875 a 0.70275342,0.70275342 0 0 0 1.03125,0.59375 l 45,-25.96875 a 0.70275342,0.70275342 0 0 0 0,-1.1875 l -45,-26 a 0.70275342,0.70275342 0 0 0 -0.53125,-0.0937 z"
+         transform="matrix(0.56084977,0,0,0.56233897,-432.16869,688.27599)" />
     </g>
   </g>
 </svg>
diff --git a/assets/images/svg/ic_shuffle_normal_w.svg b/assets/images/svg/ic_shuffle_normal_w.svg
index 122308c99e..13b80f7bb8 100644
--- a/assets/images/svg/ic_shuffle_normal_w.svg
+++ b/assets/images/svg/ic_shuffle_normal_w.svg
@@ -57,7 +57,7 @@
      inkscape:pageopacity="0.0"
      inkscape:pageshadow="2"
      inkscape:zoom="5.6"
-     inkscape:cx="36.941635"
+     inkscape:cx="-5.558365"
      inkscape:cy="75.317769"
      inkscape:document-units="px"
      inkscape:current-layer="layer1"
@@ -65,7 +65,7 @@
      inkscape:window-width="1680"
      inkscape:window-height="1026"
      inkscape:window-x="1920"
-     inkscape:window-y="54"
+     inkscape:window-y="24"
      inkscape:window-maximized="1" />
   <metadata
      id="metadata4687">
@@ -75,7 +75,7 @@
         <dc:format>image/svg+xml</dc:format>
         <dc:type
            rdf:resource="http://purl.org/dc/dcmitype/StillImage" />
-        <dc:title></dc:title>
+        <dc:title />
       </cc:Work>
     </rdf:RDF>
   </metadata>
@@ -85,25 +85,35 @@
      id="layer1"
      transform="translate(0,-922.36218)">
     <g
-       transform="translate(-1152.4281,502.50557)"
-       id="g5133"
-       style="opacity:0.9;fill:#fafafa;fill-opacity:1;stroke:#1e1e1e;stroke-opacity:1">
+       id="g3007"
+       transform="translate(137.14286,1.0714292)">
       <path
-         sodipodi:nodetypes="ccccccccccccccccccccc"
+         style="fill:#fafafa;fill-opacity:1;stroke:none"
+         d="m -120.64286,1023.7908 c -1,-10e-4 -2,-1 -2,-2 l 0,-16 c 0,-1 1,-2 2,-2 3,0.013 9,-0.9871 11,-2.9871 14.789292,-14.79119 28.663112,-33.66309 44.000002,-48.99998 2,-2 4,-3 8,-3 5.99999,-0.0154 9,-0.0128 15,-0.0128 l 0,19.99983 -7,0.0128 c -3,0 -3.91189,0.90298 -6,3 -16,16.01279 -29,34.01295 -44,49.00015 -2.000002,2 -4.000002,3 -8.000002,3 z"
+         id="path5803-6"
          inkscape:connector-curvature="0"
-         inkscape:original-d="m 1202.4226,450.31852 c -3.3334,0 -6.6667,-3 -10.0001,-3 l -14.9889,0.048 0,30 5,0 c 1.6667,0 8.3223,2.95201 9.9889,2.95201 3.3334,5 6.6667,7 10.0001,12 l 10,15 c 3.3333,5 6.6666,7 10,12 3.3333,0 6.6666,3 10,3 l 9,0 1,0 0,5 c -2.5575,12.68004 11.561,-16.56118 15,-20 -7.1714,-4.05825 -10,-10 -15,-20 l 0,5 -1,0 c -3,0 -6,-3 -9,-3 -3.3334,-5 -6.6667,-7 -10,-12 l -10,-15 c -3.3334,-5 -6.6667,-7 -10,-12.00001 z"
-         inkscape:path-effect="#path-effect4311"
-         id="path5135"
-         d="m 1202.4226,450.31852 c -1.3254,-1.19842 -2.9517,-2.05201 -4.6793,-2.50842 -1.7275,-0.45642 -3.534,-0.4973 -5.3208,-0.49158 l -14.9889,0.048 0,30 5,0 c 1.7803,0 3.5791,0.0452 5.3018,0.49426 1.7228,0.44905 3.3486,1.2839 4.6871,2.45775 3.9423,3.42891 7.1019,7.65266 10.0001,12 l 10,15 c 2.8982,4.34732 6.0578,8.57106 10,12 1.3304,1.19127 2.9566,2.04042 4.683,2.49717 1.7264,0.45676 3.5312,0.50283 5.317,0.50283 l 9,0 1,0 0,5 15,-20 -15,-20 0,5 -1,0 c -1.632,0 -3.2853,-0.0471 -4.8512,-0.507 -1.5659,-0.45991 -3.0195,-1.31476 -4.1488,-2.493 -3.9422,-3.42894 -7.1018,-7.65268 -10,-12 l -10,-15 c -2.8982,-4.34732 -6.0578,-8.57106 -10,-12.00001"
-         style="fill:#fafafa;fill-opacity:1;stroke:#323232;stroke-width:2;stroke-linecap:butt;stroke-linejoin:round;stroke-miterlimit:4;stroke-opacity:1;stroke-dasharray:none" />
+         sodipodi:nodetypes="sssccccccccccs" />
       <path
-         style="fill:#fafafa;fill-opacity:1;stroke:#323232;stroke-width:2;stroke-linecap:butt;stroke-linejoin:round;stroke-miterlimit:4;stroke-opacity:1;stroke-dasharray:none"
-         d="m 1202.4033,519.3947 c -1.3274,1.19548 -2.9537,2.04724 -4.6808,2.50379 -1.727,0.45655 -3.5328,0.49958 -5.3192,0.49621 l -14.9697,-0.0282 0,-30 5,0 c 1.7789,0 3.5765,-0.0456 5.2969,-0.49787 1.7204,-0.45229 3.3423,-1.29315 4.6728,-2.47394 3.9422,-3.42894 7.1018,-7.65268 10,-12 l 10,-15 c 2.8982,-4.34732 6.0578,-8.57106 10,-12 1.3304,-1.19127 2.9566,-2.04042 4.683,-2.49717 1.7264,-0.45676 3.5312,-0.50283 5.317,-0.50283 l 9,0 1,0 0,-5 15,20 -15,20 0,-5 -1,0 c -1.632,0 -3.2853,0.0471 -4.8512,0.507 -1.5659,0.45991 -3.0195,1.31476 -4.1488,2.493 -3.9422,3.42894 -7.1018,7.65268 -10,12 l -10,15 c -2.8982,4.34732 -6.0578,8.57106 -10,12.00001"
-         id="path5137"
-         inkscape:path-effect="#path-effect4313"
-         inkscape:original-d="m 1202.4033,519.3947 c -3.3333,0 -6.6667,3 -10,3 l -14.9697,-0.0282 0,-30 5,0 c 1.6667,0 8.303,-2.97181 9.9697,-2.97181 3.3333,-5 6.6667,-7 10,-12 l 10,-15 c 3.3333,-5 6.6667,-7 10,-12 3.3333,0 6.6667,-3 10,-3 l 9,0 1,0 0,-5 c -2.5574,-12.68004 11.5612,16.56118 15,20 -7.1713,4.05825 -10,10 -15,20 l 0,-5 -1,0 c -3,0 -6,3 -9,3 -3.3333,5 -6.6667,7 -10,12 l -10,15 c -3.3333,5 -6.6667,7 -10,12 z"
-         inkscape:connector-curvature="0"
-         sodipodi:nodetypes="cccccccccccccccccccccc" />
+         sodipodi:type="inkscape:offset"
+         inkscape:radius="0.70268315"
+         inkscape:original="M 520 551.375 L 520 603.34375 L 565 577.375 L 520 551.375 z "
+         style="fill:#fafafa;fill-opacity:1;fill-rule:nonzero;stroke:none"
+         id="path5805-8"
+         d="m 519.8125,550.6875 a 0.70275342,0.70275342 0 0 0 -0.5,0.6875 l 0,51.96875 a 0.70275342,0.70275342 0 0 0 1.03125,0.59375 l 45,-25.96875 a 0.70275342,0.70275342 0 0 0 0,-1.1875 l -45,-26 a 0.70275342,0.70275342 0 0 0 -0.53125,-0.0937 z"
+         transform="matrix(0.56084977,0,0,0.56233897,-338.89907,634.12717)" />
+      <path
+         id="path6019"
+         d="m -120.64286,948.80357 c -1,9.9e-4 -2,1 -2,2 l 0,16 c 0,1 1,2 2,2 3,-0.0128 9,1 11,3 3.82659,3.82709 7.59853,7.9147 11.343752,12.15625 4.49955,-5.17252 9.00794,-10.52433 13.59375,-15.84375 -4.88558,-5.65942 -9.78243,-11.16184 -14.9375,-16.3125 -2.000002,-2 -4.000002,-3 -8.000002,-3 l -13,0 z m 53.625002,39.8125 c -4.60782,5.27337 -9.11375,10.58456 -13.625,15.84373 4.90189,5.6487 9.8589,11.2027 15,16.3438 2,2 4,3 8,3 5.99999,0.015 9,0 15,0 l 0,-20 -7,0 c -3,0 -3.91189,-0.903 -6,-3 -3.95781,-3.96101 -7.70864,-8.05902 -11.375,-12.18753 z"
+         style="fill:#fafafa;fill-opacity:1;stroke:none"
+         inkscape:connector-curvature="0" />
+      <path
+         transform="matrix(0.56084977,0,0,0.56233897,-338.89907,689.12717)"
+         d="m 519.8125,550.6875 a 0.70275342,0.70275342 0 0 0 -0.5,0.6875 l 0,51.96875 a 0.70275342,0.70275342 0 0 0 1.03125,0.59375 l 45,-25.96875 a 0.70275342,0.70275342 0 0 0 0,-1.1875 l -45,-26 a 0.70275342,0.70275342 0 0 0 -0.53125,-0.0937 z"
+         id="path6021"
+         style="fill:#fafafa;fill-opacity:1;fill-rule:nonzero;stroke:none"
+         inkscape:original="M 520 551.375 L 520 603.34375 L 565 577.375 L 520 551.375 z "
+         inkscape:radius="0.70268315"
+         sodipodi:type="inkscape:offset" />
     </g>
   </g>
 </svg>
diff --git a/assets/images/svg/ic_shuffle_pressed.svg b/assets/images/svg/ic_shuffle_pressed.svg
index c5b5ea4ab5..7e21548c0c 100644
--- a/assets/images/svg/ic_shuffle_pressed.svg
+++ b/assets/images/svg/ic_shuffle_pressed.svg
@@ -14,7 +14,7 @@
    id="svg4682"
    version="1.1"
    inkscape:version="0.48.4 r9939"
-   sodipodi:docname="ic_repeat_one.svg"
+   sodipodi:docname="ic_shuffle_pressed.svg"
    inkscape:export-filename="/home/corbax/Dev/android/Icons/Test 1/ic_play_normal.png"
    inkscape:export-xdpi="90"
    inkscape:export-ydpi="90">
@@ -57,15 +57,15 @@
      inkscape:pageopacity="0.0"
      inkscape:pageshadow="2"
      inkscape:zoom="3.959798"
-     inkscape:cx="36.481242"
-     inkscape:cy="73.695053"
+     inkscape:cx="-23.622834"
+     inkscape:cy="70.288326"
      inkscape:document-units="px"
      inkscape:current-layer="layer1"
      showgrid="false"
      inkscape:window-width="1680"
      inkscape:window-height="1026"
      inkscape:window-x="1920"
-     inkscape:window-y="54"
+     inkscape:window-y="24"
      inkscape:window-maximized="1" />
   <metadata
      id="metadata4687">
@@ -75,7 +75,7 @@
         <dc:format>image/svg+xml</dc:format>
         <dc:type
            rdf:resource="http://purl.org/dc/dcmitype/StillImage" />
-        <dc:title></dc:title>
+        <dc:title />
       </cc:Work>
     </rdf:RDF>
   </metadata>
@@ -85,25 +85,35 @@
      id="layer1"
      transform="translate(0,-922.36218)">
     <g
-       transform="translate(-1232.4281,302.50557)"
-       id="g4783"
-       style="opacity:0.9">
+       id="g3003"
+       transform="translate(153.38835,-32.170041)">
       <path
-         sodipodi:nodetypes="ccccccccccccccccccccc"
+         style="fill:#ff8800;fill-opacity:1;stroke:none"
+         d="m -136.88835,1057.0322 c -1,0 -2,-1 -2,-2 l 0,-16 c 0,-1 1,-2 2,-2 3,0.013 9,-0.987 11,-2.987 14.78929,-14.7912 28.663112,-33.6631 44.000002,-49.00001 2,-2 4,-3 8,-3 5.99999,-0.0154 9,-0.0128 15,-0.0128 l 0,19.99981 -7,0.013 c -3,0 -3.91189,0.903 -6,3 -16,16.0128 -29.000002,34.013 -44.000002,49.0002 -2,1.9999 -4,2.9999 -8,2.9999 z"
+         id="path6109"
          inkscape:connector-curvature="0"
-         inkscape:original-d="m 1282.4226,650.31852 c -3.3334,0 -6.6667,-3 -10.0001,-3 l -14.9889,0.048 0,30 5,0 c 1.6667,0 8.3223,2.95201 9.9889,2.95201 3.3334,5 6.6667,7 10.0001,12 l 10,15 c 3.3333,5 6.6666,7 10,12 3.3333,0 6.6666,3 10,3 l 9,0 1,0 0,5 c -2.5575,12.68004 11.561,-16.56118 15,-20 -7.1714,-4.05825 -10,-10 -15,-20 l 0,5 -1,0 c -3,0 -6,-3 -9,-3 -3.3334,-5 -6.6667,-7 -10,-12 l -10,-15 c -3.3334,-5 -6.6667,-7 -10,-12.00001 z"
-         inkscape:path-effect="#path-effect4674"
-         id="path4616"
-         d="m 1282.4226,650.31852 c -1.3254,-1.19842 -2.9517,-2.05201 -4.6793,-2.50842 -1.7275,-0.45642 -3.534,-0.4973 -5.3208,-0.49158 l -14.9889,0.048 0,30 5,0 c 1.7803,0 3.5791,0.0452 5.3018,0.49426 1.7228,0.44905 3.3486,1.2839 4.6871,2.45775 3.9423,3.42891 7.1019,7.65266 10.0001,12 l 10,15 c 2.8982,4.34732 6.0578,8.57106 10,12 1.3304,1.19127 2.9566,2.04042 4.683,2.49717 1.7264,0.45676 3.5312,0.50283 5.317,0.50283 l 9,0 1,0 0,5 15,-20 -15,-20 0,5 -1,0 c -1.632,0 -3.2853,-0.0471 -4.8512,-0.507 -1.5659,-0.45991 -3.0195,-1.31476 -4.1488,-2.493 -3.9422,-3.42894 -7.1018,-7.65268 -10,-12 l -10,-15 c -2.8982,-4.34732 -6.0578,-8.57106 -10,-12.00001"
-         style="fill:#ff8800;fill-opacity:1;stroke:#fafafa;stroke-width:2;stroke-linecap:butt;stroke-linejoin:round;stroke-miterlimit:4;stroke-opacity:1;stroke-dasharray:none" />
+         sodipodi:nodetypes="sssccccccccccs" />
       <path
-         style="fill:#ff8800;fill-opacity:1;stroke:#fafafa;stroke-width:2;stroke-linecap:butt;stroke-linejoin:round;stroke-miterlimit:4;stroke-opacity:1;stroke-dasharray:none"
-         d="m 1282.4033,719.3947 c -1.3274,1.19548 -2.9537,2.04724 -4.6808,2.50379 -1.727,0.45655 -3.5328,0.49958 -5.3192,0.49621 l -14.9697,-0.0282 0,-30 5,0 c 1.7789,0 3.5765,-0.0456 5.2969,-0.49787 1.7204,-0.45229 3.3423,-1.29315 4.6728,-2.47394 3.9422,-3.42894 7.1018,-7.65268 10,-12 l 10,-15 c 2.8982,-4.34732 6.0578,-8.57106 10,-12 1.3304,-1.19127 2.9566,-2.04042 4.683,-2.49717 1.7264,-0.45676 3.5312,-0.50283 5.317,-0.50283 l 9,0 1,0 0,-5 15,20 -15,20 0,-5 -1,0 c -1.632,0 -3.2853,0.0471 -4.8512,0.507 -1.5659,0.45991 -3.0195,1.31476 -4.1488,2.493 -3.9422,3.42894 -7.1018,7.65268 -10,12 l -10,15 c -2.8982,4.34732 -6.0578,8.57106 -10,12.00001"
-         id="path4618"
-         inkscape:path-effect="#path-effect4671"
-         inkscape:original-d="m 1282.4033,719.3947 c -3.3333,0 -6.6667,3 -10,3 l -14.9697,-0.0282 0,-30 5,0 c 1.6667,0 8.303,-2.97181 9.9697,-2.97181 3.3333,-5 6.6667,-7 10,-12 l 10,-15 c 3.3333,-5 6.6667,-7 10,-12 3.3333,0 6.6667,-3 10,-3 l 9,0 1,0 0,-5 c -2.5574,-12.68004 11.5612,16.56118 15,20 -7.1713,4.05825 -10,10 -15,20 l 0,-5 -1,0 c -3,0 -6,3 -9,3 -3.3333,5 -6.6667,7 -10,12 l -10,15 c -3.3333,5 -6.6667,7 -10,12 z"
-         inkscape:connector-curvature="0"
-         sodipodi:nodetypes="cccccccccccccccccccccc" />
+         sodipodi:type="inkscape:offset"
+         inkscape:radius="0.70268315"
+         inkscape:original="M 520 551.375 L 520 603.34375 L 565 577.375 L 520 551.375 z "
+         style="fill:#ff8800;fill-opacity:1;fill-rule:nonzero;stroke:none"
+         id="path6111"
+         d="m 519.8125,550.6875 a 0.70275342,0.70275342 0 0 0 -0.5,0.6875 l 0,51.96875 a 0.70275342,0.70275342 0 0 0 1.03125,0.59375 l 45,-25.96875 a 0.70275342,0.70275342 0 0 0 0,-1.1875 l -45,-26 a 0.70275342,0.70275342 0 0 0 -0.53125,-0.0937 z"
+         transform="matrix(0.56084977,0,0,0.56233897,-355.14456,667.36864)" />
+      <path
+         id="path6113"
+         d="m -136.88835,982.04504 c -1,9.9e-4 -2,1 -2,2 l 0,15.99996 c 0,1 1,2 2,2 3,-0.013 9,1 11,3 3.82659,3.8271 7.59853,7.9147 11.34375,12.1563 4.49955,-5.1725 9.00794,-10.5243 13.59375,-15.8438 -4.88558,-5.65938 -9.78243,-11.1618 -14.9375,-16.31246 -2,-2 -4,-3 -8,-3 l -13,0 z m 53.625002,39.81246 c -4.60782,5.2734 -9.11375,10.5846 -13.625,15.8438 4.90189,5.6487 9.8589,11.2026 15,16.3437 2,2 4,3 8,3 5.99999,0.015 9,0 15,0 l 0,-20 -7,0 c -3,0 -3.91189,-0.9029 -6,-3 -3.95781,-3.9609 -7.70864,-8.0589 -11.375,-12.1875 z"
+         style="fill:#ff8800;fill-opacity:1;stroke:none"
+         inkscape:connector-curvature="0" />
+      <path
+         transform="matrix(0.56084977,0,0,0.56233897,-355.14456,722.36864)"
+         d="m 519.8125,550.6875 a 0.70275342,0.70275342 0 0 0 -0.5,0.6875 l 0,51.96875 a 0.70275342,0.70275342 0 0 0 1.03125,0.59375 l 45,-25.96875 a 0.70275342,0.70275342 0 0 0 0,-1.1875 l -45,-26 a 0.70275342,0.70275342 0 0 0 -0.53125,-0.0937 z"
+         id="path6115"
+         style="fill:#ff8800;fill-opacity:1;fill-rule:nonzero;stroke:none"
+         inkscape:original="M 520 551.375 L 520 603.34375 L 565 577.375 L 520 551.375 z "
+         inkscape:radius="0.70268315"
+         sodipodi:type="inkscape:offset" />
     </g>
   </g>
 </svg>
diff --git a/vlc-android/res/drawable-hdpi/ic_repeat_normal.png b/vlc-android/res/drawable-hdpi/ic_repeat_normal.png
index e77e6a4741..8c978d99e4 100644
Binary files a/vlc-android/res/drawable-hdpi/ic_repeat_normal.png and b/vlc-android/res/drawable-hdpi/ic_repeat_normal.png differ
diff --git a/vlc-android/res/drawable-hdpi/ic_repeat_normal_w.png b/vlc-android/res/drawable-hdpi/ic_repeat_normal_w.png
index 5eb98121df..fd6dd4ac5c 100644
Binary files a/vlc-android/res/drawable-hdpi/ic_repeat_normal_w.png and b/vlc-android/res/drawable-hdpi/ic_repeat_normal_w.png differ
diff --git a/vlc-android/res/drawable-hdpi/ic_repeat_one.png b/vlc-android/res/drawable-hdpi/ic_repeat_one.png
index 304540d9bf..94b63b897f 100644
Binary files a/vlc-android/res/drawable-hdpi/ic_repeat_one.png and b/vlc-android/res/drawable-hdpi/ic_repeat_one.png differ
diff --git a/vlc-android/res/drawable-hdpi/ic_repeat_pressed.png b/vlc-android/res/drawable-hdpi/ic_repeat_pressed.png
index 7752904355..e13e467bbd 100644
Binary files a/vlc-android/res/drawable-hdpi/ic_repeat_pressed.png and b/vlc-android/res/drawable-hdpi/ic_repeat_pressed.png differ
diff --git a/vlc-android/res/drawable-hdpi/ic_shuffle_normal.png b/vlc-android/res/drawable-hdpi/ic_shuffle_normal.png
index 3b879510fa..1701b1e910 100644
Binary files a/vlc-android/res/drawable-hdpi/ic_shuffle_normal.png and b/vlc-android/res/drawable-hdpi/ic_shuffle_normal.png differ
diff --git a/vlc-android/res/drawable-hdpi/ic_shuffle_normal_w.png b/vlc-android/res/drawable-hdpi/ic_shuffle_normal_w.png
index f5414bd96a..f1f5ece46f 100644
Binary files a/vlc-android/res/drawable-hdpi/ic_shuffle_normal_w.png and b/vlc-android/res/drawable-hdpi/ic_shuffle_normal_w.png differ
diff --git a/vlc-android/res/drawable-hdpi/ic_shuffle_pressed.png b/vlc-android/res/drawable-hdpi/ic_shuffle_pressed.png
index b692d2f074..9ded4f216a 100644
Binary files a/vlc-android/res/drawable-hdpi/ic_shuffle_pressed.png and b/vlc-android/res/drawable-hdpi/ic_shuffle_pressed.png differ
diff --git a/vlc-android/res/drawable-ldpi/ic_repeat_normal.png b/vlc-android/res/drawable-ldpi/ic_repeat_normal.png
index 81204c7c27..11dbdbbbcc 100644
Binary files a/vlc-android/res/drawable-ldpi/ic_repeat_normal.png and b/vlc-android/res/drawable-ldpi/ic_repeat_normal.png differ
diff --git a/vlc-android/res/drawable-ldpi/ic_repeat_normal_w.png b/vlc-android/res/drawable-ldpi/ic_repeat_normal_w.png
index c5e1c6707a..4d8ca05ef0 100644
Binary files a/vlc-android/res/drawable-ldpi/ic_repeat_normal_w.png and b/vlc-android/res/drawable-ldpi/ic_repeat_normal_w.png differ
diff --git a/vlc-android/res/drawable-ldpi/ic_repeat_one.png b/vlc-android/res/drawable-ldpi/ic_repeat_one.png
index 774951ec08..82143e39e0 100644
Binary files a/vlc-android/res/drawable-ldpi/ic_repeat_one.png and b/vlc-android/res/drawable-ldpi/ic_repeat_one.png differ
diff --git a/vlc-android/res/drawable-ldpi/ic_repeat_pressed.png b/vlc-android/res/drawable-ldpi/ic_repeat_pressed.png
index db3b41fbc4..7b94a8d512 100644
Binary files a/vlc-android/res/drawable-ldpi/ic_repeat_pressed.png and b/vlc-android/res/drawable-ldpi/ic_repeat_pressed.png differ
diff --git a/vlc-android/res/drawable-ldpi/ic_shuffle_normal.png b/vlc-android/res/drawable-ldpi/ic_shuffle_normal.png
index 3b3fb41eaf..a77fc5425b 100644
Binary files a/vlc-android/res/drawable-ldpi/ic_shuffle_normal.png and b/vlc-android/res/drawable-ldpi/ic_shuffle_normal.png differ
diff --git a/vlc-android/res/drawable-ldpi/ic_shuffle_normal_w.png b/vlc-android/res/drawable-ldpi/ic_shuffle_normal_w.png
index 44c0708947..0f8591ca88 100644
Binary files a/vlc-android/res/drawable-ldpi/ic_shuffle_normal_w.png and b/vlc-android/res/drawable-ldpi/ic_shuffle_normal_w.png differ
diff --git a/vlc-android/res/drawable-ldpi/ic_shuffle_pressed.png b/vlc-android/res/drawable-ldpi/ic_shuffle_pressed.png
index be0626c6bb..50b455204f 100644
Binary files a/vlc-android/res/drawable-ldpi/ic_shuffle_pressed.png and b/vlc-android/res/drawable-ldpi/ic_shuffle_pressed.png differ
diff --git a/vlc-android/res/drawable-mdpi/ic_repeat_normal.png b/vlc-android/res/drawable-mdpi/ic_repeat_normal.png
index 6254eb979b..8b6f22d046 100644
Binary files a/vlc-android/res/drawable-mdpi/ic_repeat_normal.png and b/vlc-android/res/drawable-mdpi/ic_repeat_normal.png differ
diff --git a/vlc-android/res/drawable-mdpi/ic_repeat_normal_w.png b/vlc-android/res/drawable-mdpi/ic_repeat_normal_w.png
index 9d8f2b4a44..220c678143 100644
Binary files a/vlc-android/res/drawable-mdpi/ic_repeat_normal_w.png and b/vlc-android/res/drawable-mdpi/ic_repeat_normal_w.png differ
diff --git a/vlc-android/res/drawable-mdpi/ic_repeat_one.png b/vlc-android/res/drawable-mdpi/ic_repeat_one.png
index 3e769fe2db..dd67c994eb 100644
Binary files a/vlc-android/res/drawable-mdpi/ic_repeat_one.png and b/vlc-android/res/drawable-mdpi/ic_repeat_one.png differ
diff --git a/vlc-android/res/drawable-mdpi/ic_repeat_pressed.png b/vlc-android/res/drawable-mdpi/ic_repeat_pressed.png
index 0c84dca806..fe4a95a24a 100644
Binary files a/vlc-android/res/drawable-mdpi/ic_repeat_pressed.png and b/vlc-android/res/drawable-mdpi/ic_repeat_pressed.png differ
diff --git a/vlc-android/res/drawable-mdpi/ic_shuffle_normal.png b/vlc-android/res/drawable-mdpi/ic_shuffle_normal.png
index c0e6194dfc..42ebff6860 100644
Binary files a/vlc-android/res/drawable-mdpi/ic_shuffle_normal.png and b/vlc-android/res/drawable-mdpi/ic_shuffle_normal.png differ
diff --git a/vlc-android/res/drawable-mdpi/ic_shuffle_normal_w.png b/vlc-android/res/drawable-mdpi/ic_shuffle_normal_w.png
index efe0c02fec..2026d70752 100644
Binary files a/vlc-android/res/drawable-mdpi/ic_shuffle_normal_w.png and b/vlc-android/res/drawable-mdpi/ic_shuffle_normal_w.png differ
diff --git a/vlc-android/res/drawable-mdpi/ic_shuffle_pressed.png b/vlc-android/res/drawable-mdpi/ic_shuffle_pressed.png
index fcf63d3bb1..6759a095d3 100644
Binary files a/vlc-android/res/drawable-mdpi/ic_shuffle_pressed.png and b/vlc-android/res/drawable-mdpi/ic_shuffle_pressed.png differ
diff --git a/vlc-android/res/drawable-xhdpi/ic_repeat_normal.png b/vlc-android/res/drawable-xhdpi/ic_repeat_normal.png
index c94e6ae020..8dbf08710e 100644
Binary files a/vlc-android/res/drawable-xhdpi/ic_repeat_normal.png and b/vlc-android/res/drawable-xhdpi/ic_repeat_normal.png differ
diff --git a/vlc-android/res/drawable-xhdpi/ic_repeat_normal_w.png b/vlc-android/res/drawable-xhdpi/ic_repeat_normal_w.png
index 2bc955e71b..32c9fc389d 100644
Binary files a/vlc-android/res/drawable-xhdpi/ic_repeat_normal_w.png and b/vlc-android/res/drawable-xhdpi/ic_repeat_normal_w.png differ
diff --git a/vlc-android/res/drawable-xhdpi/ic_repeat_one.png b/vlc-android/res/drawable-xhdpi/ic_repeat_one.png
index f9b469a6e6..0bdd5f1375 100644
Binary files a/vlc-android/res/drawable-xhdpi/ic_repeat_one.png and b/vlc-android/res/drawable-xhdpi/ic_repeat_one.png differ
diff --git a/vlc-android/res/drawable-xhdpi/ic_repeat_pressed.png b/vlc-android/res/drawable-xhdpi/ic_repeat_pressed.png
index 3a3c1057f8..d87a25d7f1 100644
Binary files a/vlc-android/res/drawable-xhdpi/ic_repeat_pressed.png and b/vlc-android/res/drawable-xhdpi/ic_repeat_pressed.png differ
diff --git a/vlc-android/res/drawable-xhdpi/ic_shuffle_normal.png b/vlc-android/res/drawable-xhdpi/ic_shuffle_normal.png
index 67a57e9ca5..d85f00c25c 100644
Binary files a/vlc-android/res/drawable-xhdpi/ic_shuffle_normal.png and b/vlc-android/res/drawable-xhdpi/ic_shuffle_normal.png differ
diff --git a/vlc-android/res/drawable-xhdpi/ic_shuffle_normal_w.png b/vlc-android/res/drawable-xhdpi/ic_shuffle_normal_w.png
index 83f27ce735..c8aa0852f7 100644
Binary files a/vlc-android/res/drawable-xhdpi/ic_shuffle_normal_w.png and b/vlc-android/res/drawable-xhdpi/ic_shuffle_normal_w.png differ
diff --git a/vlc-android/res/drawable-xhdpi/ic_shuffle_pressed.png b/vlc-android/res/drawable-xhdpi/ic_shuffle_pressed.png
index bc16560280..79b739b221 100644
Binary files a/vlc-android/res/drawable-xhdpi/ic_shuffle_pressed.png and b/vlc-android/res/drawable-xhdpi/ic_shuffle_pressed.png differ
