diff --git a/packages/smooth_app/assets/fonts/SmoothIcons.ttf b/packages/smooth_app/assets/fonts/SmoothIcons.ttf
index 6df3ad2633a9..15212404a5bb 100644
Binary files a/packages/smooth_app/assets/fonts/SmoothIcons.ttf and b/packages/smooth_app/assets/fonts/SmoothIcons.ttf differ
diff --git a/packages/smooth_app/assets/fonts/icons/config.json b/packages/smooth_app/assets/fonts/icons/config.json
index 5ea94c628bb1..a4d02e080a55 100644
--- a/packages/smooth_app/assets/fonts/icons/config.json
+++ b/packages/smooth_app/assets/fonts/icons/config.json
@@ -1006,34 +1006,6 @@
         "delete_trash"
       ]
     },
-    {
-      "uid": "2d19b1cc3c0954309eec2acd7127bff8",
-      "css": "image_check",
-      "code": 59467,
-      "src": "custom_icons",
-      "selected": true,
-      "svg": {
-        "path": "M303.6 581.4L482.3 760.3C488.2 787.7 498.2 813.6 511.7 837.3L101.2 837.3C86.2 837.2 71.3 833.8 57.8 827.2L303.6 581.4ZM708.3 95.2C764.2 95.2 809.5 140.5 809.5 196.4L809.6 435.1C790.4 430.8 770.5 428.6 750 428.6 667.3 428.6 593.2 465.2 543 523.1L529.8 509.9C516.6 496.7 495.3 496.7 482.1 509.9L404.8 587.2 327.4 509.9C314.2 496.9 293 496.9 279.7 509.9L10.1 779.5C3.5 766 0.1 751.1 0 736.1L0 196.4C0 140.5 45.3 95.2 101.2 95.2L708.3 95.2ZM479.2 661.7L452.5 634.9 502.7 584.7C491.3 608.7 483.2 634.5 479.2 661.7ZM573.4 230.2C517.5 230.2 472.2 275.5 472.2 331.3 472.2 387.2 517.5 432.5 573.4 432.5 629.3 432.5 674.6 387.2 674.6 331.3 674.6 275.5 629.3 230.2 573.4 230.2ZM573.4 297.6C592 297.6 607.1 312.7 607.1 331.3 607.1 350 592 365.1 573.4 365.1 554.8 365.1 539.7 350 539.7 331.3 539.7 312.7 554.8 297.6 573.4 297.6ZM752.4 476.2C626.7 476.2 523.8 579 523.8 704.8 523.8 830.5 626.7 933.3 752.4 933.3 878.1 933.3 980.9 830.5 980.9 704.8 980.9 662.8 969.5 624.8 950.5 590.5L735.2 805.7C731.4 809.5 727.6 811.4 721.9 811.4 716.2 811.4 712.4 809.5 708.5 805.7L622.8 720C615.2 712.4 615.2 700.9 622.8 693.3 630.5 685.7 641.9 685.7 649.5 693.3L721.9 765.7 927.6 558.1C885.7 508.6 822.8 476.2 752.4 476.2ZM927.6 558.1C937.1 567.6 944.7 579 950.5 590.5L994.2 546.6C1001.9 539 1001.9 527.6 994.2 518.1 986.6 510.5 975.2 510.5 967.6 518.1L927.6 558.1Z",
-        "width": 1000
-      },
-      "search": [
-        "image_check"
-      ]
-    },
-    {
-      "uid": "b6303cfee0413dd05e8255b59a58aa3c",
-      "css": "image_add",
-      "code": 59468,
-      "src": "custom_icons",
-      "selected": true,
-      "svg": {
-        "path": "M764.4 428.3C894.5 428.3 1000 533.8 1000 663.9 1000 794 894.5 899.5 764.4 899.5 634.3 899.5 528.8 794 528.8 663.9 528.8 533.8 634.3 428.3 764.4 428.3ZM303.6 581.4L497.9 775.8C507 797.8 518.8 818.5 532.9 837.3L101.2 837.3C86.2 837.2 71.3 833.8 57.8 827.2L303.6 581.4ZM764.4 491.1C752.6 491.1 743 500.6 743 512.5L743 642.5 613 642.5C601.1 642.5 591.6 652.1 591.6 663.9 591.6 669.8 593.9 675.2 597.8 679.1 601.7 683 607.1 685.3 613 685.3L743 685.3 743 815.4C743 821.3 745.4 826.6 749.3 830.5 753.1 834.4 758.5 836.8 764.4 836.8 776.3 836.8 785.8 827.2 785.8 815.4L785.8 685.3 915.9 685.3C927.7 685.3 937.3 675.8 937.3 663.9 937.3 652.1 927.7 642.5 915.9 642.5L785.8 642.5 785.8 512.5C785.8 506.6 783.4 501.2 779.6 497.3 775.7 493.5 770.3 491.1 764.4 491.1ZM708.3 95.2C764.2 95.2 809.5 140.5 809.5 196.4L809.6 384.7C794.1 382.1 778.1 380.7 761.9 380.7 717.8 380.7 676 390.7 638.7 408.6 660.7 390.1 674.6 362.3 674.6 331.3 674.6 275.5 629.3 230.2 573.4 230.2 517.5 230.2 472.2 275.5 472.2 331.3 472.2 387.2 517.5 432.5 573.4 432.5 584.7 432.5 595.5 430.7 605.6 427.3 573.9 448 546.6 474.8 525.4 506.1 512.2 496.9 493.9 498.1 482.1 509.9L404.8 587.2 327.4 509.9C314.2 496.9 293 496.9 279.7 509.9L10.1 779.5C3.5 766 0.1 751.1 0 736.1L0 196.4C0 140.5 45.3 95.2 101.2 95.2L708.3 95.2ZM476.3 658.8L452.5 634.9 482.9 604.5C479 622 476.8 640.2 476.3 658.8ZM573.4 297.6C592 297.6 607.1 312.7 607.1 331.3 607.1 350 592 365.1 573.4 365.1 554.8 365.1 539.7 350 539.7 331.3 539.7 312.7 554.8 297.6 573.4 297.6Z",
-        "width": 1000
-      },
-      "search": [
-        "image_add"
-      ]
-    },
     {
       "uid": "a56b0a2aa9249d396d1cdffed9d14944",
       "css": "language",
@@ -1636,20 +1608,6 @@
         "recycling"
       ]
     },
-    {
-      "uid": "e66f082674ce91622442c49575bab8d3",
-      "css": "image_check_alt",
-      "code": 59509,
-      "src": "custom_icons",
-      "selected": true,
-      "svg": {
-        "path": "M792.3 479.4C652.7 479.4 539.1 365.8 539.1 226.2 539.1 193.8 544.8 162.9 556.2 134.5L110.7 134.5C101 134.5 91.2 135.4 81.5 137 34.4 144.3 0.4 184 0.4 230.3 0.4 450.2-0.5 669.3 0.4 888.3 0.4 943.5 48.2 992.2 103.4 992.2L754.1 992.2C773.6 992.2 790.7 985.7 806.1 975.1 834.5 953.2 847.5 922.4 847.5 886.7 848.3 778 848.3 668.4 848.3 558.9L848.3 472.9C830.4 477 811.8 479.4 792.3 479.4ZM252.7 262.7C314.4 261.9 364.7 312.2 364.7 374.7 364.7 436.4 316 485.9 253.5 486.7 191.8 486.7 141.5 436.4 141.5 374.7 142.4 313.1 191.8 262.7 252.7 262.7ZM746 849.4C743.6 852.6 737.9 855.1 729.8 855.1 729 855.9 728.2 855.9 725.7 855.9L299 855.9C266.5 855.9 234 855.1 202.4 855.1 187.8 855.1 172.4 854.2 157.8 854.2 144 854.2 130.2 856.7 116.4 855.9 115.6 855.9 115.6 855.9 114.8 855.1 114 855.1 112.3 855.1 110.7 853.4 101.8 847.8 120.4 834 123.7 829.9 133.4 817.7 241.3 666 243 664.4 257.6 642.5 277 630.3 298.1 630.3 329 630.3 344.4 662.8 368.7 676.6 400.4 695.2 420.7 670.1 436.9 645.7 447.4 629.5 458 612.5 468.5 595.4 475 585.7 481.5 575.1 487.2 564.6 494.5 552.4 502.6 541.1 509.9 528.9L525.3 504.5C527 502.9 527.8 501.3 528.6 499.7 534.3 491.6 540.8 486.7 545.6 486.7 550.5 486.7 556.2 491.6 561 500.5 613.8 593.8 666.5 689.5 718.4 782.8L743.6 828.3C746 831.5 746.8 835.6 747.7 838 748.5 841.3 748.5 846.1 746 849.4ZM796.3 18.5C683.8 18.5 592.6 109.7 592.6 222.2 592.6 334.7 683.8 425.9 796.3 425.9 908.8 425.9 1000 334.7 1000 222.2 1000 109.7 908.8 18.5 796.3 18.5ZM906.6 170L777.2 299.3C774 302.6 769.6 304.4 765.1 304.4 760.6 304.4 756.2 302.6 753 299.3L693.9 240.2C687.2 233.6 687.2 222.7 693.9 216 700.6 209.4 711.4 209.4 718.1 216L765.1 263 882.4 145.8C889.1 139.1 899.9 139.1 906.6 145.8 913.3 152.5 913.3 163.3 906.6 170Z",
-        "width": 1000
-      },
-      "search": [
-        "image_check_alt"
-      ]
-    },
     {
       "uid": "150e5961b31e3232a1f05d78cf4f7b8a",
       "css": "image_error",
@@ -1734,20 +1692,6 @@
         "scale"
       ]
     },
-    {
-      "uid": "859d5bee897e0db0057a710f053ea52e",
-      "css": "gallery",
-      "code": 59517,
-      "src": "custom_icons",
-      "selected": true,
-      "svg": {
-        "path": "M95.2 55.6C43.2 55.6 0 98.7 0 150.8L0 627C0 679.1 43.2 722.2 95.2 722.2L714.3 722.2C766.3 722.2 809.5 679.1 809.5 627L809.5 150.8C809.5 98.7 766.3 55.6 714.3 55.6L95.2 55.6ZM95.2 150.8L714.3 150.8 714.3 484.1 595.2 365.1 397.3 562.6 329.7 495.6 403.8 421.2 306.4 318.5 95.2 531.4 95.2 150.8ZM476.2 198.4C449.9 198.4 428.6 219.7 428.6 246 428.6 272.3 449.9 293.7 476.2 293.7 502.5 293.7 523.8 272.3 523.8 246 523.8 219.7 502.5 198.4 476.2 198.4ZM904.8 246L904.8 817.5 190.5 817.5 190.5 912.7 904.8 912.7C956.8 912.7 1000 869.5 1000 817.5L1000 246 904.8 246Z",
-        "width": 1000
-      },
-      "search": [
-        "gallery"
-      ]
-    },
     {
       "uid": "e660fb4e7284d1796f4951980902e4e1",
       "css": "ocr",
@@ -1999,6 +1943,62 @@
       "search": [
         "drag_start"
       ]
+    },
+    {
+      "uid": "70f59c871da7cd007a4daa4ca6ffcf1d",
+      "css": "image_add",
+      "code": 59534,
+      "src": "custom_icons",
+      "selected": true,
+      "svg": {
+        "path": "M792.3 479.4C652.7 479.4 539.1 365.8 539.1 226.2 539.1 193.8 544.8 162.9 556.2 134.5L110.7 134.5C101 134.5 91.2 135.4 81.5 137 34.4 144.3 0.4 184 0.4 230.3 0.4 450.2-0.5 669.3 0.4 888.3 0.4 943.5 48.2 992.2 103.4 992.2L754.1 992.2C773.6 992.2 790.7 985.7 806.1 975.1 834.5 953.2 847.5 922.4 847.5 886.7 848.3 778 848.3 668.4 848.3 558.9L848.3 472.9C830.4 477 811.8 479.4 792.3 479.4ZM252.7 262.7C314.4 261.9 364.7 312.2 364.7 374.7 364.7 436.4 316 485.9 253.5 486.7 191.8 486.7 141.5 436.4 141.5 374.7 142.4 313.1 191.8 262.7 252.7 262.7ZM746 849.4C743.6 852.6 737.9 855.1 729.8 855.1 729 855.9 728.2 855.9 725.7 855.9L299 855.9C266.5 855.9 234 855.1 202.4 855.1 187.8 855.1 172.4 854.2 157.8 854.2 144 854.2 130.2 856.7 116.4 855.9 115.6 855.9 115.6 855.9 114.8 855.1 114 855.1 112.3 855.1 110.7 853.4 101.8 847.8 120.4 834 123.7 829.9 133.4 817.7 241.3 666 243 664.4 257.6 642.5 277 630.3 298.1 630.3 329 630.3 344.4 662.8 368.7 676.6 400.4 695.2 420.7 670.1 436.9 645.7 447.4 629.5 458 612.5 468.5 595.4 475 585.7 481.5 575.1 487.2 564.6 494.5 552.4 502.6 541.1 509.9 528.9L525.3 504.5C527 502.9 527.8 501.3 528.6 499.7 534.3 491.6 540.8 486.7 545.6 486.7 550.5 486.7 556.2 491.6 561 500.5 613.8 593.8 666.5 689.5 718.4 782.8L743.6 828.3C746 831.5 746.8 835.6 747.7 838 748.5 841.3 748.5 846.1 746 849.4ZM796.3 18.5C908.8 18.5 1000 109.7 1000 222.2 1000 334.7 908.8 425.9 796.3 425.9 683.8 425.9 592.6 334.7 592.6 222.2 592.6 109.7 683.8 18.5 796.3 18.5ZM796.3 99C786.1 98.9 777.8 107.2 777.8 117.5L777.8 203.7 691.5 203.7C681.3 203.7 673 212 673 222.2 673 232.5 681.3 240.7 691.5 240.7L777.8 240.7 777.8 327C777.8 337.2 786.1 345.5 796.3 345.5 806.5 345.5 814.8 337.2 814.8 327L814.8 240.7 901.1 240.7C911.3 240.8 919.6 232.5 919.6 222.2 919.6 212 911.3 203.7 901.1 203.7L814.8 203.7 814.8 117.5C814.8 107.2 806.5 99 796.3 99Z",
+        "width": 1000
+      },
+      "search": [
+        "image_add"
+      ]
+    },
+    {
+      "uid": "e7075b203246ca2af68c6169b2b6cf93",
+      "css": "image_check",
+      "code": 59535,
+      "src": "custom_icons",
+      "selected": true,
+      "svg": {
+        "path": "M792.3 479.4C652.7 479.4 539.1 365.8 539.1 226.2 539.1 193.8 544.8 162.9 556.2 134.5L110.7 134.5C101 134.5 91.2 135.4 81.5 137 34.4 144.3 0.4 184 0.4 230.3 0.4 450.2-0.5 669.3 0.4 888.3 0.4 943.5 48.2 992.2 103.4 992.2L754.1 992.2C773.6 992.2 790.7 985.7 806.1 975.1 834.5 953.2 847.5 922.4 847.5 886.7 848.3 778 848.3 668.4 848.3 558.9L848.3 472.9C830.4 477 811.8 479.4 792.3 479.4ZM252.7 262.7C314.4 261.9 364.7 312.2 364.7 374.7 364.7 436.4 316 485.9 253.5 486.7 191.8 486.7 141.5 436.4 141.5 374.7 142.4 313.1 191.8 262.7 252.7 262.7ZM746 849.4C743.6 852.6 737.9 855.1 729.8 855.1 729 855.9 728.2 855.9 725.7 855.9L299 855.9C266.5 855.9 234 855.1 202.4 855.1 187.8 855.1 172.4 854.2 157.8 854.2 144 854.2 130.2 856.7 116.4 855.9 115.6 855.9 115.6 855.9 114.8 855.1 114 855.1 112.3 855.1 110.7 853.4 101.8 847.8 120.4 834 123.7 829.9 133.4 817.7 241.3 666 243 664.4 257.6 642.5 277 630.3 298.1 630.3 329 630.3 344.4 662.8 368.7 676.6 400.4 695.2 420.7 670.1 436.9 645.7 447.4 629.5 458 612.5 468.5 595.4 475 585.7 481.5 575.1 487.2 564.6 494.5 552.4 502.6 541.1 509.9 528.9L525.3 504.5C527 502.9 527.8 501.3 528.6 499.7 534.3 491.6 540.8 486.7 545.6 486.7 550.5 486.7 556.2 491.6 561 500.5 613.8 593.8 666.5 689.5 718.4 782.8L743.6 828.3C746 831.5 746.8 835.6 747.7 838 748.5 841.3 748.5 846.1 746 849.4ZM796.3 18.5C683.8 18.5 592.6 109.7 592.6 222.2 592.6 334.7 683.8 425.9 796.3 425.9 908.8 425.9 1000 334.7 1000 222.2 1000 109.7 908.8 18.5 796.3 18.5ZM906.6 170L777.2 299.3C774 302.6 769.6 304.4 765.1 304.4 760.6 304.4 756.2 302.6 753 299.3L693.9 240.2C687.2 233.6 687.2 222.7 693.9 216 700.6 209.4 711.4 209.4 718.1 216L765.1 263 882.4 145.8C889.1 139.1 899.9 139.1 906.6 145.8 913.3 152.5 913.3 163.3 906.6 170Z",
+        "width": 1000
+      },
+      "search": [
+        "image_check"
+      ]
+    },
+    {
+      "uid": "69bec990a7438c97d1cec162fe3b697a",
+      "css": "gallery",
+      "code": 59536,
+      "src": "custom_icons",
+      "selected": true,
+      "svg": {
+        "path": "M903.9 165.8L284.1 165.8C274.2 165.8 265.2 166.7 255.3 168.3 210.2 175.7 175.7 213.5 175.7 258.6 175.7 472.1 174.9 685.6 175.7 899 175.7 952.4 222.5 1000 275.8 1000L908.8 1000C927.7 1000 945 994.3 958.9 982.8 986.8 961.4 999.1 931.9 999.1 897.4 1000 791.5 1000 684.7 1000 578.8L1000 262.7C1000.8 202 964.7 165.8 903.9 165.8ZM422 290.6C481.9 289.8 530.4 339.1 530.4 399 530.4 458.9 482.7 507.4 422.8 507.4 362.9 507.4 314.4 458.1 314.4 399 314.4 339.9 362.9 290.6 422 290.6ZM902.3 860.4C899.8 863.7 894.1 866.2 885.8 866.2 885 867 884.2 867 882.6 867L467.1 867C435.9 867 403.9 866.2 372.7 866.2 358.8 866.2 344 865.4 329.2 865.4 316.1 865.4 302.9 867.8 289 867 288.2 867 288.2 867 287.3 866.2 286.5 866.2 284.9 865.4 284.1 864.5 275 858.8 293.1 845.6 296.4 841.5 306.2 829.2 411.3 682.3 412.1 680.6 426.1 659.3 445.8 647.8 465.5 647.8 495 647.8 510.6 679.8 533.6 692.9 564 711 584.5 687.2 599.3 662.6 609.2 646.1 619.8 629.7 629.7 613.3 635.4 603.4 642 593.6 647.8 583.7 655.1 572.2 662.5 560.8 669.9 549.3L684.7 525.5C686.3 523.8 687.2 522.2 688 520.5 693.7 513.1 700.3 507.4 705.2 507.4 710.1 507.4 715.1 512.3 720 520.5 771.7 612.5 823.4 705.3 873.5 795.6L898.2 839.9C900.6 843.2 901.4 846.5 902.3 849.8 903.9 853.9 903.9 858 902.3 860.4ZM825.1 96.1L825.1 110 243 110C232.3 110 220.8 110.8 211 112.5 159.3 120.7 120.7 164.2 120.7 215.1 120.7 422 120.7 628.1 120.7 834.2L101 834.2C47.6 834.2 0.8 786.5 0.8 733.2 0.8 519.7 0.8 307.1 0.8 92.8 0.8 47.6 34.5 9.9 80.4 2.5 89.5 0.8 99.3 0 109.2 0L729 0C789 0 825.1 36.1 825.1 96.1Z",
+        "width": 1000
+      },
+      "search": [
+        "gallery"
+      ]
+    },
+    {
+      "uid": "89fee98331f0925155c8b602c948de5e",
+      "css": "image_open",
+      "code": 59537,
+      "src": "custom_icons",
+      "selected": true,
+      "svg": {
+        "path": "M748.4 0C810.1 0 848.1 37.4 848.1 99.1L848.1 424.6C848.1 457.5 848.1 490.4 848.1 523.3 831.3 520.2 814 518.5 796.3 518.5 748.6 518.5 703.8 530.5 664.6 551.7 630.1 490 595.2 427.5 560.7 365.7 555.8 356.7 550.3 351.9 545.4 351.9 540.6 351.9 533.7 356.7 528.1 365 526.7 366.4 526.1 367.8 524.7 369.9L509.4 394.1C501.8 406.6 494.2 418.4 486.6 430.2 480.3 440.6 474.1 450.9 467.9 460.6 457.5 478 446.4 494.6 436 511.2 420.8 536.1 400 561.1 368.1 542.4 344.6 528.5 328.6 496 298.2 496 277.4 496 257.3 508.4 242.7 529.9 242.7 530 242.1 530.8 241.2 532.1L237.3 537.5C229.1 549.1 212.5 572.2 194.5 597.4L183.5 612.6C156 651 128.3 689.4 123.6 695.5 120.8 699.6 102.1 713.5 111.1 719 112.5 719.7 113.9 720.4 114.6 720.4 116 721.1 116 721.1 116.7 721.1 131.2 722.5 144.4 719.7 158.2 719.7 172.8 719.7 188 720.4 202.6 720.4 234.4 720.4 267 721.1 298.9 721.1L528.8 721.1C522.1 745 518.5 770.2 518.5 796.3 518.5 817.3 520.9 837.8 525.3 857.5L103.5 857.5C48.1 857.5 0.3 809.1 0.3 753.6-0.4 534.1 0.3 315.2 0.3 95.6 0.3 49.2 35.6 9.7 82 2.1 91 0.7 101.4 0 111.1 0ZM253.1 128.1C192.2 128.1 142.3 178.7 142.3 239.7 142.3 300.6 192.2 351.2 253.8 351.2 315.5 351.2 364.7 301.3 364.7 239.7 364.7 177.3 314.8 127.5 253.1 128.1ZM796.3 592.6C908.8 592.6 1000 683.8 1000 796.3 1000 908.8 908.8 1000 796.3 1000 683.8 1000 592.6 908.8 592.6 796.3 592.6 683.8 683.8 592.6 796.3 592.6ZM796.3 696.3C707.4 696.3 650.1 789.2 650.1 789.2 649 791.1 648.1 792.9 648.1 795.1 648.1 797 648.8 798.6 649.7 800.1 649.7 800.4 697.5 893.8 796.3 893.8 895.1 893.8 942.8 800.4 942.8 800.4 943.8 798.6 944.4 797 944.4 795.1 944.4 792.9 943.6 791.1 942.5 789.5 942.5 789.2 885.2 696.3 796.3 696.3ZM796.3 725.9C834.5 725.9 865.4 756.9 865.4 795.1 865.4 833.2 834.5 864.2 796.3 864.2 758.1 864.2 727.2 833.2 727.2 795.1 727.2 756.9 758.1 725.9 796.3 725.9ZM796.3 765.4C779.9 765.4 766.7 778.7 766.7 795.1 766.7 811.4 779.9 824.7 796.3 824.7 812.7 824.7 825.9 811.4 825.9 795.1 825.9 778.7 812.7 765.4 796.3 765.4Z",
+        "width": 1000
+      },
+      "search": [
+        "image_open"
+      ]
     }
   ]
 }
\ No newline at end of file
diff --git a/packages/smooth_app/assets/fonts/icons/gallery.svg b/packages/smooth_app/assets/fonts/icons/gallery.svg
index c469075010de..604fcd04e09a 100644
--- a/packages/smooth_app/assets/fonts/icons/gallery.svg
+++ b/packages/smooth_app/assets/fonts/icons/gallery.svg
@@ -2,6 +2,8 @@
 <svg width="18px" height="18px" viewBox="0 0 18 18" version="1.1" xmlns="http://www.w3.org/2000/svg" xmlns:xlink="http://www.w3.org/1999/xlink">
     <title>Gallery</title>
     <g id="Gallery" stroke="none" stroke-width="1" fill="none" fill-rule="evenodd">
-        <path d="M1.71428571,1 C0.777374743,1 0,1.77739634 0,2.71433333 L0,11.286 C0,12.2229372 0.777374743,13.0003333 1.71428571,13.0003333 L12.8571429,13.0003333 C13.794054,13.0003333 14.5714286,12.2229372 14.5714286,11.286 L14.5714286,2.71433333 C14.5714286,1.77739634 13.794054,1 12.8571429,1 L1.71428571,1 Z M1.71428571,2.71433333 L12.8571429,2.71433333 L12.8571429,8.7145 L10.7142857,6.57158333 L7.15178571,10.1274861 L5.9347098,8.92042058 L7.26897326,7.58109766 L5.51450897,5.73283238 L1.71428571,9.56497048 L1.71428571,2.71433333 Z M8.57142857,3.5715 C8.09804164,3.5715 7.71428571,3.95526659 7.71428571,4.42866667 C7.71428571,4.90206674 8.09804164,5.28583333 8.57142857,5.28583333 C9.0448155,5.28583333 9.42857143,4.90206674 9.42857143,4.42866667 C9.42857143,3.95526659 9.0448155,3.5715 8.57142857,3.5715 Z M16.2857143,4.42866667 L16.2857143,14.7146667 L3.42857143,14.7146667 L3.42857143,16.429 L16.2857143,16.429 C17.2226254,16.429 18,15.6516038 18,14.7146667 L18,4.42866667 L16.2857143,4.42866667 Z" id="Shape" fill="#000000" fill-rule="nonzero"></path>
+        <rect fill="#FFFFFF" x="0" y="0" width="18" height="18"></rect>
+        <path d="M16.2702661,2.98522167 L5.11292113,2.98522167 C4.93558585,2.98522167 4.7730285,3 4.59569322,3.02955665 C3.7829065,3.16256158 3.16223301,3.84236453 3.16223301,4.65517241 C3.16223301,8.49753695 3.14745507,12.3399015 3.16223301,16.182266 C3.16223301,17.1428571 4.00457561,18 4.96514173,18 L16.3589337,18 C16.6988264,18 17.0091631,17.8965517 17.2603881,17.6896552 C17.7628381,17.3054187 17.9845072,16.773399 17.9845072,16.1527094 C17.9992851,14.2463054 17.9992851,12.3251232 17.9992851,10.4187192 L17.9992851,4.72906404 C18.0140631,3.63546798 17.3638337,2.98522167 16.2702661,2.98522167 Z M7.59561511,5.23152709 C8.67440476,5.21674877 9.54630324,6.10344828 9.54630324,7.18226601 C9.54630324,8.26108374 8.6891827,9.13300493 7.61039305,9.13300493 C6.53160341,9.13300493 5.65970493,8.24630542 5.65970493,7.18226601 C5.65970493,6.1182266 6.53160341,5.23152709 7.59561511,5.23152709 Z M16.2407102,15.4876847 C16.1963764,15.546798 16.0929308,15.591133 15.9451514,15.591133 C15.9303735,15.6059113 15.9155955,15.6059113 15.8860396,15.6059113 L8.40840183,15.6059113 C7.8468401,15.6059113 7.27050042,15.591133 6.70893869,15.591133 C6.4577137,15.591133 6.19171078,15.5763547 5.92570785,15.5763547 C5.68926081,15.5763547 5.45281376,15.6206897 5.20158877,15.6059113 C5.18681083,15.6059113 5.18681083,15.6059113 5.17203289,15.591133 C5.15725495,15.591133 5.12769907,15.5763547 5.11292113,15.5615764 C4.95036379,15.4581281 5.27547848,15.2216749 5.33459024,15.1477833 C5.51192552,14.9261084 7.40350189,12.2807882 7.41827983,12.2512315 C7.66950481,11.8669951 8.02417538,11.6600985 8.37884595,11.6600985 C8.9108518,11.6600985 9.19163267,12.2364532 9.605415,12.4729064 C10.1521988,12.7980296 10.5216473,12.3694581 10.7876502,11.9261084 C10.9649855,11.6305419 11.1570987,11.3349754 11.334434,11.0394089 C11.4378796,10.862069 11.5561031,10.6847291 11.6595487,10.5073892 C11.7925502,10.3004926 11.9255516,10.0935961 12.0585531,9.88669951 L12.324556,9.45812808 C12.3541119,9.42857143 12.3688898,9.39901478 12.3836678,9.36945813 C12.4871134,9.2364532 12.6053369,9.13300493 12.6940045,9.13300493 C12.7826722,9.13300493 12.8713398,9.22167488 12.9600075,9.36945813 C13.8910177,11.0246305 14.8220279,12.6945813 15.7234823,14.320197 L16.1668205,15.1182266 C16.2111543,15.1773399 16.2259323,15.2364532 16.2407102,15.2955665 C16.2702661,15.3694581 16.2702661,15.4433498 16.2407102,15.4876847 Z" id="Shape" fill="#000000" fill-rule="nonzero"></path>
+        <path d="M14.8515838,1.72906404 L14.8515838,1.98029557 L4.37402412,1.98029557 C4.18191089,1.98029557 3.97501973,1.99507389 3.79768444,2.02463054 C2.8666742,2.17241379 2.172111,2.95566502 2.172111,3.87192118 C2.172111,7.59605911 2.172111,11.3054187 2.172111,15.0147783 L1.81744044,15.0147783 C0.856874314,15.0147783 0.0145317148,14.1576355 0.0145317148,13.1970443 C0.0145317148,9.3546798 0.0145317148,5.5270936 0.0145317148,1.66995074 C0.0145317148,0.857142857 0.620427269,0.177339901 1.44799193,0.0443349754 C1.61054927,0.0147783251 1.78788456,1.77635684e-14 1.96521984,1.77635684e-14 L13.1225648,1.77635684e-14 C14.2013544,1.77635684e-14 14.8515838,0.650246305 14.8515838,1.72906404 Z" id="Path" fill="#000000" fill-rule="nonzero"></path>
     </g>
 </svg>
\ No newline at end of file
diff --git a/packages/smooth_app/assets/fonts/icons/icons.sketch b/packages/smooth_app/assets/fonts/icons/icons.sketch
index 1fb8aae73685..af9d76c01048 100644
Binary files a/packages/smooth_app/assets/fonts/icons/icons.sketch and b/packages/smooth_app/assets/fonts/icons/icons.sketch differ
diff --git a/packages/smooth_app/assets/fonts/icons/image_add.svg b/packages/smooth_app/assets/fonts/icons/image_add.svg
index 879719436748..12aae0767b20 100644
--- a/packages/smooth_app/assets/fonts/icons/image_add.svg
+++ b/packages/smooth_app/assets/fonts/icons/image_add.svg
@@ -1,7 +1,10 @@
 <?xml version="1.0" encoding="UTF-8"?>
-<svg width="21px" height="21px" viewBox="0 0 21 21" version="1.1" xmlns="http://www.w3.org/2000/svg" xmlns:xlink="http://www.w3.org/1999/xlink">
+<svg width="27px" height="27px" viewBox="0 0 27 27" version="1.1" xmlns="http://www.w3.org/2000/svg" xmlns:xlink="http://www.w3.org/1999/xlink">
     <title>Image add</title>
     <g id="Image-add" stroke="none" stroke-width="1" fill="none" fill-rule="evenodd">
-        <path d="M16.0526424,8.99519573 C18.7849331,8.99519573 21,11.2102627 21,13.9425534 C21,16.6748441 18.7849331,18.889911 16.0526424,18.889911 C13.3203516,18.889911 11.1052847,16.6748441 11.1052847,13.9425534 C11.1052847,11.2102627 13.3203516,8.99519573 16.0526424,8.99519573 Z M6.375,12.2099167 L10.4552589,16.2918102 C10.6470596,16.7543419 10.8950504,17.1876874 11.1907156,17.5833307 L2.125,17.5833333 C1.80944684,17.5821117 1.49826531,17.5094623 1.21479167,17.3708333 L6.375,12.2099167 Z M16.0525976,10.3125414 C15.8038995,10.3125414 15.602886,10.5135549 15.602886,10.7622529 L15.602886,13.4928232 L12.8723157,13.4928232 C12.6236177,13.4928232 12.4226042,13.6938367 12.4226042,13.9425348 C12.4226042,14.0665658 12.4728723,14.1791477 12.5542876,14.2605629 C12.6357028,14.3419782 12.7482847,14.3922463 12.8723157,14.3922463 L15.602886,14.3922463 L15.602886,17.1228166 C15.602886,17.2468476 15.6531542,17.3594296 15.7345694,17.4408448 C15.8159846,17.52226 15.9285666,17.5725282 16.0525976,17.5725282 C16.3012956,17.5725282 16.5023091,17.3715146 16.5023091,17.1228166 L16.5023091,14.3922463 L19.2328794,14.3922463 C19.4815774,14.3922463 19.682591,14.1912328 19.682591,13.9425348 C19.682591,13.6938367 19.4815774,13.4928232 19.2328794,13.4928232 L16.5023091,13.4928232 L16.5023091,10.7622529 C16.5023091,10.6379039 16.4519615,10.5255605 16.3706258,10.4442248 C16.28929,10.362889 16.1769466,10.3125414 16.0525976,10.3125414 Z M14.875,2 C16.0486051,2 17,2.95139491 17,4.125 L17.0007889,8.07829164 C16.6753308,8.02364228 16.3409866,7.99519573 16,7.99519573 C15.0732916,7.99519573 14.1956439,8.20530308 13.4120959,8.58047864 C13.87398,8.19185889 14.1666667,7.60927643 14.1666667,6.95833333 C14.1666667,5.78472824 13.2152718,4.83333333 12.0416667,4.83333333 C10.8680616,4.83333333 9.91666667,5.78472824 9.91666667,6.95833333 C9.91666667,8.13193843 10.8680616,9.08333333 12.0416667,9.08333333 C12.2777092,9.08333333 12.504763,9.0448478 12.7168955,8.9738093 C12.0520511,9.40782155 11.4789947,9.9716202 11.0328512,10.6285731 C10.7567895,10.4340788 10.3717262,10.4600985 10.1242083,10.7075417 L8.5,12.33175 L6.87579167,10.7075417 C6.59776128,10.434487 6.15223872,10.434487 5.87420833,10.7075417 L0.2125,16.3685417 C0.0738710575,16.085068 0.00122167337,15.7738865 1.49213975e-13,15.4583333 L1.49213975e-13,4.125 C1.49213975e-13,2.95139491 0.951394907,2 2.125,2 L14.875,2 Z M10.0020963,13.8350348 L9.50158333,13.3333333 L10.1415423,12.6937486 C10.0599703,13.0625728 10.0123401,13.4441497 10.0020963,13.8350348 Z M12.0416667,6.25 C12.4328684,6.25 12.75,6.56713164 12.75,6.95833333 C12.75,7.34953503 12.4328684,7.66666667 12.0416667,7.66666667 C11.650465,7.66666667 11.3333333,7.34953503 11.3333333,6.95833333 C11.3333333,6.56713164 11.650465,6.25 12.0416667,6.25 Z" id="Combined-Shape" fill="#000000" fill-rule="nonzero"></path>
+        <g id="image-upload" transform="translate(0, 0.5)" fill="#000000" fill-rule="nonzero">
+            <path d="M21.3916336,12.44346 C17.6235124,12.44346 14.5564371,9.37641 14.5564371,5.60832 C14.5564371,4.73202 14.7097908,3.899535 15.0164984,3.1327725 L2.98918139,3.1327725 C2.72628922,3.1327725 2.46339704,3.15468 2.20050487,3.198495 C0.929859358,3.3956625 0.00973674721,4.46913 0.00973674721,5.7178575 C0.00973674721,11.65479 -0.012170934,17.569815 0.00973674721,23.48484 C0.00973674721,24.97455 1.30228994,26.289 2.79201226,26.289 L20.3619726,26.289 C20.8877569,26.289 21.3478182,26.11374 21.7640642,25.8289425 C22.530833,25.23744 22.8813559,24.404955 22.8813559,23.441025 C22.9032636,20.50542 22.9032636,17.5479075 22.9032636,14.590395 L22.9032636,12.2682 C22.4212946,12.3777375 21.917418,12.44346 21.3916336,12.44346 Z M6.8230256,6.5941575 C8.48800938,6.57225 9.84628561,7.930515 9.84628561,9.6173925 C9.84628561,11.2823625 8.53182474,12.61872 6.84493329,12.6406275 C5.17994951,12.6406275 3.82167328,11.2823625 3.82167328,9.6173925 C3.84358096,7.9524225 5.17994951,6.5941575 6.8230256,6.5941575 Z M20.1428958,22.43328 C20.0771727,22.52091 19.923819,22.5866325 19.7047422,22.5866325 C19.6828345,22.60854 19.6609268,22.60854 19.5952038,22.60854 L8.07176343,22.60854 C7.19545618,22.60854 6.31914894,22.5866325 5.46474937,22.5866325 C5.07041111,22.5866325 4.65416516,22.564725 4.2598269,22.564725 C3.88739632,22.564725 3.51496574,22.6304475 3.14253516,22.60854 C3.12062748,22.60854 3.12062748,22.60854 3.0987198,22.5866325 C3.07681212,22.5866325 3.03299675,22.5866325 2.98918139,22.5428175 C2.7481969,22.389465 3.25207357,22.0170375 3.33970429,21.9075 C3.60259647,21.5788875 6.51631807,17.482185 6.56013343,17.43837 C6.95447169,16.8468675 7.48025604,16.518255 8.04985575,16.518255 C8.88234764,16.518255 9.29859358,17.394555 9.95582402,17.7669825 C10.8102236,18.270855 11.3579156,17.5917225 11.7960692,16.9344975 C12.0808691,16.4963475 12.365669,16.03629 12.6504688,15.5762325 C12.8257303,15.3133425 13.0009917,15.028545 13.1543455,14.7437475 C13.3515146,14.415135 13.5705914,14.10843 13.7677605,13.7798175 L14.1840065,13.1225925 C14.2278219,13.0787775 14.2497295,13.0349625 14.2716372,12.9911475 C14.424991,12.7720725 14.6002524,12.6406275 14.7316985,12.6406275 C14.8631446,12.6406275 15.0164984,12.7720725 15.1479445,13.013055 C16.5719437,15.5324175 17.995943,18.1175025 19.3980346,20.636865 L20.0771727,21.863685 C20.1428958,21.951315 20.1648035,22.0608525 20.1867111,22.126575 C20.2086188,22.214205 20.2086188,22.34565 20.1428958,22.43328 Z" id="Shape"></path>
+        </g>
+        <path d="M21.5,0.5 C24.537375,0.5 27,2.962625 27,6 C27,9.037375 24.537375,11.5 21.5,11.5 C18.462625,11.5 16,9.037375 16,6 C16,2.962625 18.462625,0.5 21.5,0.5 Z M21.50025,2.67173197 C21.224111,2.6713784 21.0003005,2.89518889 21.0003005,3.17168146 L21.0003005,5.50030051 L18.6716815,5.50030051 C18.3955425,5.49994694 18.171732,5.72375743 18.171732,6.00025 C18.1713784,6.276389 18.3951889,6.50019949 18.6716815,6.50019949 L21.0003005,6.50019949 L21.0003005,8.82881854 C20.9999469,9.10495754 21.2237574,9.32876803 21.50025,9.32876803 C21.776389,9.3291216 22.0001995,9.10531111 22.0001995,8.82881854 L22.0001995,6.50019949 L24.3288185,6.50019949 C24.6049575,6.50055306 24.828768,6.27674257 24.828768,6.00025 C24.8291216,5.724111 24.6053111,5.50030051 24.3288185,5.50030051 L22.0001995,5.50030051 L22.0001995,3.17168146 C22.0005531,2.89554246 21.7767426,2.67173197 21.50025,2.67173197 Z" id="Shape" fill="#000000" fill-rule="nonzero"></path>
     </g>
 </svg>
\ No newline at end of file
diff --git a/packages/smooth_app/assets/fonts/icons/image_check.svg b/packages/smooth_app/assets/fonts/icons/image_check.svg
index c84ce8140c2d..41fe4614b898 100644
--- a/packages/smooth_app/assets/fonts/icons/image_check.svg
+++ b/packages/smooth_app/assets/fonts/icons/image_check.svg
@@ -1,8 +1,10 @@
 <?xml version="1.0" encoding="UTF-8"?>
-<svg width="21px" height="21px" viewBox="0 0 21 21" version="1.1" xmlns="http://www.w3.org/2000/svg" xmlns:xlink="http://www.w3.org/1999/xlink">
+<svg width="27px" height="27px" viewBox="0 0 27 27" version="1.1" xmlns="http://www.w3.org/2000/svg" xmlns:xlink="http://www.w3.org/1999/xlink">
     <title>Image check</title>
     <g id="Image-check" stroke="none" stroke-width="1" fill="none" fill-rule="evenodd">
-        <path d="M6.375,12.2099167 L10.128818,15.9659733 C10.2528291,16.5419826 10.4631295,17.0859203 10.7455217,17.5835889 L2.125,17.5833333 C1.80944684,17.5821117 1.49826531,17.5094623 1.21479167,17.3708333 L6.375,12.2099167 Z M14.875,2 C16.0486051,2 17,2.95139491 17,4.125 L17.0009602,9.13646528 C16.5982352,9.04711692 16.17962,9 15.75,9 C14.0137626,9 12.4572588,9.76953107 11.4029525,10.9861293 L11.1257917,10.7075417 C10.8491876,10.4310211 10.4008124,10.4310211 10.1242083,10.7075417 L8.5,12.33175 L6.87579167,10.7075417 C6.59776128,10.434487 6.15223872,10.434487 5.87420833,10.7075417 L0.2125,16.3685417 C0.0738710575,16.085068 0.00122167337,15.7738865 -2.13162821e-13,15.4583333 L-2.13162821e-13,4.125 C-2.13162821e-13,2.95139491 0.951394907,2 2.125,2 L14.875,2 Z M10.0630025,13.8958783 L9.50158333,13.3333333 L10.5566974,12.278659 C10.3168773,12.7817193 10.1479988,13.3251059 10.0630025,13.8958783 Z M12.0416667,4.83333333 C10.8680616,4.83333333 9.91666667,5.78472824 9.91666667,6.95833333 C9.91666667,8.13193843 10.8680616,9.08333333 12.0416667,9.08333333 C13.2152718,9.08333333 14.1666667,8.13193843 14.1666667,6.95833333 C14.1666667,5.78472824 13.2152718,4.83333333 12.0416667,4.83333333 Z M12.0416667,6.25 C12.4328684,6.25 12.75,6.56713164 12.75,6.95833333 C12.75,7.34953503 12.4328684,7.66666667 12.0416667,7.66666667 C11.650465,7.66666667 11.3333333,7.34953503 11.3333333,6.95833333 C11.3333333,6.56713164 11.650465,6.25 12.0416667,6.25 Z" id="Combined-Shape" fill="#000000" fill-rule="nonzero"></path>
-        <path d="M15.7997751,10 C13.1598988,10 11,12.1598988 11,14.7997751 C11,17.4396514 13.1598988,19.5995501 15.7997751,19.5995501 C18.4396514,19.5995501 20.5995501,17.4396514 20.5995501,14.7997751 C20.5995501,13.9198163 20.3597178,13.1198538 19.9597365,12.3998875 L15.4396355,16.9199881 C15.3596393,16.9999844 15.2799558,17.0395137 15.1599614,17.0395137 C15.0399671,17.0395137 14.959502,16.9999844 14.8795058,16.9199881 L13.0795901,15.1200725 C12.9195976,14.96008 12.9195975,14.7199352 13.0795901,14.5599427 C13.2395825,14.3999502 13.4797276,14.3999502 13.6397201,14.5599427 L15.1599614,16.0794027 L19.4792902,11.7202319 C18.5993315,10.6802806 17.2797057,10 15.7997751,10 Z M19.4792902,11.7202319 C19.6792809,11.9202225 19.8397421,12.1598988 19.9597365,12.3998875 L20.8792246,11.4796182 C21.0392171,11.3196257 21.0392171,11.0796369 20.8792246,10.8796463 C20.7192321,10.7196538 20.4798681,10.7196538 20.3198756,10.8796463 L19.4792902,11.7202319 Z" id="Shape" fill="#000000" fill-rule="nonzero"></path>
+        <g id="image-upload" transform="translate(0, 0.5)" fill="#000000" fill-rule="nonzero">
+            <path d="M21.3916336,12.44346 C17.6235124,12.44346 14.5564371,9.37641 14.5564371,5.60832 C14.5564371,4.73202 14.7097908,3.899535 15.0164984,3.1327725 L2.98918139,3.1327725 C2.72628922,3.1327725 2.46339704,3.15468 2.20050487,3.198495 C0.929859358,3.3956625 0.00973674721,4.46913 0.00973674721,5.7178575 C0.00973674721,11.65479 -0.012170934,17.569815 0.00973674721,23.48484 C0.00973674721,24.97455 1.30228994,26.289 2.79201226,26.289 L20.3619726,26.289 C20.8877569,26.289 21.3478182,26.11374 21.7640642,25.8289425 C22.530833,25.23744 22.8813559,24.404955 22.8813559,23.441025 C22.9032636,20.50542 22.9032636,17.5479075 22.9032636,14.590395 L22.9032636,12.2682 C22.4212946,12.3777375 21.917418,12.44346 21.3916336,12.44346 Z M6.8230256,6.5941575 C8.48800938,6.57225 9.84628561,7.930515 9.84628561,9.6173925 C9.84628561,11.2823625 8.53182474,12.61872 6.84493329,12.6406275 C5.17994951,12.6406275 3.82167328,11.2823625 3.82167328,9.6173925 C3.84358096,7.9524225 5.17994951,6.5941575 6.8230256,6.5941575 Z M20.1428958,22.43328 C20.0771727,22.52091 19.923819,22.5866325 19.7047422,22.5866325 C19.6828345,22.60854 19.6609268,22.60854 19.5952038,22.60854 L8.07176343,22.60854 C7.19545618,22.60854 6.31914894,22.5866325 5.46474937,22.5866325 C5.07041111,22.5866325 4.65416516,22.564725 4.2598269,22.564725 C3.88739632,22.564725 3.51496574,22.6304475 3.14253516,22.60854 C3.12062748,22.60854 3.12062748,22.60854 3.0987198,22.5866325 C3.07681212,22.5866325 3.03299675,22.5866325 2.98918139,22.5428175 C2.7481969,22.389465 3.25207357,22.0170375 3.33970429,21.9075 C3.60259647,21.5788875 6.51631807,17.482185 6.56013343,17.43837 C6.95447169,16.8468675 7.48025604,16.518255 8.04985575,16.518255 C8.88234764,16.518255 9.29859358,17.394555 9.95582402,17.7669825 C10.8102236,18.270855 11.3579156,17.5917225 11.7960692,16.9344975 C12.0808691,16.4963475 12.365669,16.03629 12.6504688,15.5762325 C12.8257303,15.3133425 13.0009917,15.028545 13.1543455,14.7437475 C13.3515146,14.415135 13.5705914,14.10843 13.7677605,13.7798175 L14.1840065,13.1225925 C14.2278219,13.0787775 14.2497295,13.0349625 14.2716372,12.9911475 C14.424991,12.7720725 14.6002524,12.6406275 14.7316985,12.6406275 C14.8631446,12.6406275 15.0164984,12.7720725 15.1479445,13.013055 C16.5719437,15.5324175 17.995943,18.1175025 19.3980346,20.636865 L20.0771727,21.863685 C20.1428958,21.951315 20.1648035,22.0608525 20.1867111,22.126575 C20.2086188,22.214205 20.2086188,22.34565 20.1428958,22.43328 Z" id="Shape"></path>
+        </g>
+        <path d="M21.5,0.5 C18.462625,0.5 16,2.962625 16,6 C16,9.037375 18.462625,11.5 21.5,11.5 C24.537375,11.5 27,9.037375 27,6 C27,2.962625 24.537375,0.5 21.5,0.5 Z M24.47799,4.58891519 L20.9845363,8.08236891 C20.8976621,8.16924316 20.7802894,8.21776335 20.6578337,8.21776335 C20.535378,8.21776335 20.4175432,8.16924316 20.3311311,8.08236891 L18.73551,6.48674779 C18.55483,6.30606784 18.55483,6.01402251 18.73551,5.83334256 C18.9161899,5.65266261 19.2082352,5.65266261 19.3889152,5.83334256 L20.6578337,7.10226107 L23.8245848,3.93550996 C24.0052648,3.75483001 24.2973101,3.75483001 24.47799,3.93550996 C24.65867,4.11618991 24.65867,4.40823525 24.47799,4.58891519 Z" id="Shape" fill="#000000" fill-rule="nonzero"></path>
     </g>
 </svg>
\ No newline at end of file
diff --git a/packages/smooth_app/assets/fonts/icons/image_check_alt.svg b/packages/smooth_app/assets/fonts/icons/image_check_alt.svg
deleted file mode 100644
index 41fe4614b898..000000000000
--- a/packages/smooth_app/assets/fonts/icons/image_check_alt.svg
+++ /dev/null
@@ -1,10 +0,0 @@
-<?xml version="1.0" encoding="UTF-8"?>
-<svg width="27px" height="27px" viewBox="0 0 27 27" version="1.1" xmlns="http://www.w3.org/2000/svg" xmlns:xlink="http://www.w3.org/1999/xlink">
-    <title>Image check</title>
-    <g id="Image-check" stroke="none" stroke-width="1" fill="none" fill-rule="evenodd">
-        <g id="image-upload" transform="translate(0, 0.5)" fill="#000000" fill-rule="nonzero">
-            <path d="M21.3916336,12.44346 C17.6235124,12.44346 14.5564371,9.37641 14.5564371,5.60832 C14.5564371,4.73202 14.7097908,3.899535 15.0164984,3.1327725 L2.98918139,3.1327725 C2.72628922,3.1327725 2.46339704,3.15468 2.20050487,3.198495 C0.929859358,3.3956625 0.00973674721,4.46913 0.00973674721,5.7178575 C0.00973674721,11.65479 -0.012170934,17.569815 0.00973674721,23.48484 C0.00973674721,24.97455 1.30228994,26.289 2.79201226,26.289 L20.3619726,26.289 C20.8877569,26.289 21.3478182,26.11374 21.7640642,25.8289425 C22.530833,25.23744 22.8813559,24.404955 22.8813559,23.441025 C22.9032636,20.50542 22.9032636,17.5479075 22.9032636,14.590395 L22.9032636,12.2682 C22.4212946,12.3777375 21.917418,12.44346 21.3916336,12.44346 Z M6.8230256,6.5941575 C8.48800938,6.57225 9.84628561,7.930515 9.84628561,9.6173925 C9.84628561,11.2823625 8.53182474,12.61872 6.84493329,12.6406275 C5.17994951,12.6406275 3.82167328,11.2823625 3.82167328,9.6173925 C3.84358096,7.9524225 5.17994951,6.5941575 6.8230256,6.5941575 Z M20.1428958,22.43328 C20.0771727,22.52091 19.923819,22.5866325 19.7047422,22.5866325 C19.6828345,22.60854 19.6609268,22.60854 19.5952038,22.60854 L8.07176343,22.60854 C7.19545618,22.60854 6.31914894,22.5866325 5.46474937,22.5866325 C5.07041111,22.5866325 4.65416516,22.564725 4.2598269,22.564725 C3.88739632,22.564725 3.51496574,22.6304475 3.14253516,22.60854 C3.12062748,22.60854 3.12062748,22.60854 3.0987198,22.5866325 C3.07681212,22.5866325 3.03299675,22.5866325 2.98918139,22.5428175 C2.7481969,22.389465 3.25207357,22.0170375 3.33970429,21.9075 C3.60259647,21.5788875 6.51631807,17.482185 6.56013343,17.43837 C6.95447169,16.8468675 7.48025604,16.518255 8.04985575,16.518255 C8.88234764,16.518255 9.29859358,17.394555 9.95582402,17.7669825 C10.8102236,18.270855 11.3579156,17.5917225 11.7960692,16.9344975 C12.0808691,16.4963475 12.365669,16.03629 12.6504688,15.5762325 C12.8257303,15.3133425 13.0009917,15.028545 13.1543455,14.7437475 C13.3515146,14.415135 13.5705914,14.10843 13.7677605,13.7798175 L14.1840065,13.1225925 C14.2278219,13.0787775 14.2497295,13.0349625 14.2716372,12.9911475 C14.424991,12.7720725 14.6002524,12.6406275 14.7316985,12.6406275 C14.8631446,12.6406275 15.0164984,12.7720725 15.1479445,13.013055 C16.5719437,15.5324175 17.995943,18.1175025 19.3980346,20.636865 L20.0771727,21.863685 C20.1428958,21.951315 20.1648035,22.0608525 20.1867111,22.126575 C20.2086188,22.214205 20.2086188,22.34565 20.1428958,22.43328 Z" id="Shape"></path>
-        </g>
-        <path d="M21.5,0.5 C18.462625,0.5 16,2.962625 16,6 C16,9.037375 18.462625,11.5 21.5,11.5 C24.537375,11.5 27,9.037375 27,6 C27,2.962625 24.537375,0.5 21.5,0.5 Z M24.47799,4.58891519 L20.9845363,8.08236891 C20.8976621,8.16924316 20.7802894,8.21776335 20.6578337,8.21776335 C20.535378,8.21776335 20.4175432,8.16924316 20.3311311,8.08236891 L18.73551,6.48674779 C18.55483,6.30606784 18.55483,6.01402251 18.73551,5.83334256 C18.9161899,5.65266261 19.2082352,5.65266261 19.3889152,5.83334256 L20.6578337,7.10226107 L23.8245848,3.93550996 C24.0052648,3.75483001 24.2973101,3.75483001 24.47799,3.93550996 C24.65867,4.11618991 24.65867,4.40823525 24.47799,4.58891519 Z" id="Shape" fill="#000000" fill-rule="nonzero"></path>
-    </g>
-</svg>
\ No newline at end of file
diff --git a/packages/smooth_app/assets/fonts/icons/image_open.svg b/packages/smooth_app/assets/fonts/icons/image_open.svg
new file mode 100644
index 000000000000..e9a104487165
--- /dev/null
+++ b/packages/smooth_app/assets/fonts/icons/image_open.svg
@@ -0,0 +1,8 @@
+<?xml version="1.0" encoding="UTF-8"?>
+<svg width="27px" height="27px" viewBox="0 0 27 27" version="1.1" xmlns="http://www.w3.org/2000/svg" xmlns:xlink="http://www.w3.org/1999/xlink">
+    <title>Image open</title>
+    <g id="Image-open" stroke="none" stroke-width="1" fill="none" fill-rule="evenodd">
+        <path d="M20.2068603,0 C21.8713702,0 22.9,1.00994109 22.9,2.67447363 L22.9,11.4647016 C22.9,12.3533722 22.9,13.2420427 22.8994913,14.1302045 C22.4459096,14.0447592 21.9781779,14 21.5,14 C20.2130517,14 19.0017702,14.324209 17.9433817,14.895401 C17.0117132,13.2287483 16.0710916,11.543813 15.1385209,9.87497955 C15.0076044,9.63184559 14.8579855,9.5009273 14.727069,9.5009273 C14.5961525,9.5009273 14.4091289,9.63184559 14.25951,9.85627694 C14.2221053,9.89368216 14.2034029,9.93108739 14.1659982,9.98719523 L13.7545463,10.6417867 C13.5488203,10.9784337 13.3430944,11.2963781 13.1373684,11.6143225 C12.9690472,11.8948617 12.800726,12.1754009 12.6324047,12.4372375 C12.3518693,12.9048028 12.0526316,13.3536655 11.7720962,13.8025282 C11.3606443,14.4758223 10.7995735,15.1491164 9.93926497,14.6441458 C9.30338475,14.2700936 8.87323049,13.3910708 8.05032668,13.3910708 C7.4892559,13.3910708 6.94688748,13.7277178 6.55413793,14.3074988 C6.55172472,14.3111186 6.53732332,14.3314755 6.51242033,14.3664851 L6.40769314,14.5133876 C6.18559517,14.8245412 5.73812218,15.4499057 5.25109871,16.1289466 L4.95562516,16.540728 C4.21250913,17.5758631 3.46402553,18.6145295 3.33733212,18.7774232 C3.26252269,18.8896389 2.75755898,19.2636912 3.00068966,19.4133121 C3.03809437,19.4320147 3.07549909,19.4507173 3.09420145,19.4507173 C3.13160617,19.4694199 3.13160617,19.4694199 3.15030853,19.4694199 C3.54305808,19.5068251 3.8984029,19.4320147 4.27245009,19.4320147 C4.66519964,19.4320147 5.07665154,19.4507173 5.46940109,19.4507173 C6.32970962,19.4507173 7.20872051,19.4694199 8.06902904,19.4694199 L14.2781989,19.4693208 C14.0969419,20.1151708 14,20.7962728 14,21.5 C14,22.068138 14.0631845,22.6215294 14.1829093,23.1535301 L2.7949637,23.1538346 C1.29877495,23.1538346 0.00831215971,21.8446517 0.00831215971,20.3484427 C-0.0103901996,14.4197145 0.00831215971,8.50968882 0.00831215971,2.58096056 C0.00831215971,1.32788551 0.962132486,0.261836579 2.21519056,0.0561078384 C2.45832123,0.0187026128 2.73885662,0 3.00068966,0 Z M6.83467332,3.45998337 C5.1888657,3.45998337 3.84229583,4.8252741 3.84229583,6.47110402 C3.84229583,8.11693395 5.1888657,9.48222468 6.85337568,9.48222468 C8.51788566,9.48222468 9.84575318,8.13563656 9.84575318,6.47110402 C9.84575318,4.78786887 8.4991833,3.44128075 6.83467332,3.45998337 Z" id="Combined-Shape" fill="#000000" fill-rule="nonzero"></path>
+        <path d="M21.5,16 C24.537375,16 27,18.462625 27,21.5 C27,24.537375 24.537375,27 21.5,27 C18.462625,27 16,24.537375 16,21.5 C16,18.462625 18.462625,16 21.5,16 Z M21.5,18.8 C19.1,18.8 17.5526042,21.3088541 17.5526042,21.3088541 C17.5219601,21.3595651 17.5,21.40952 17.5,21.4666667 C17.5,21.5178957 17.5181562,21.5630016 17.5432292,21.6036459 C17.5429625,21.6119792 18.8333333,24.1333333 21.5,24.1333333 C24.1666667,24.1333333 25.4567709,21.6119792 25.4567709,21.6119792 C25.4818437,21.5630016 25.5,21.5178957 25.5,21.4666667 C25.5,21.40952 25.47804,21.3595651 25.4473957,21.3161459 C25.4473957,21.3088541 23.9,18.8 21.5,18.8 Z M21.5,19.6 C22.5309333,19.6 23.3666667,20.4357333 23.3666667,21.4666667 C23.3666667,22.4976 22.5309333,23.3333333 21.5,23.3333333 C20.4690667,23.3333333 19.6333333,22.4976 19.6333333,21.4666667 C19.6333333,20.4357333 20.4690667,19.6 21.5,19.6 Z M21.5,20.6666667 C21.0581333,20.6666667 20.7,21.0248 20.7,21.4666667 C20.7,21.9085333 21.0581333,22.2666667 21.5,22.2666667 C21.9418667,22.2666667 22.3,21.9085333 22.3,21.4666667 C22.3,21.0248 21.9418667,20.6666667 21.5,20.6666667 Z" id="Shape" fill="#000000" fill-rule="nonzero"></path>
+    </g>
+</svg>
\ No newline at end of file
diff --git a/packages/smooth_app/lib/generic_lib/bottom_sheets/smooth_bottom_sheet.dart b/packages/smooth_app/lib/generic_lib/bottom_sheets/smooth_bottom_sheet.dart
index 00c0ec1198f1..99c1e64c0ea1 100644
--- a/packages/smooth_app/lib/generic_lib/bottom_sheets/smooth_bottom_sheet.dart
+++ b/packages/smooth_app/lib/generic_lib/bottom_sheets/smooth_bottom_sheet.dart
@@ -457,8 +457,9 @@ class SmoothModalSheetHeader extends StatelessWidget implements SizeWidget {
 
     return switch (type) {
       SmoothModalSheetType.error => ERROR_COLOR,
-      SmoothModalSheetType.info =>
-        context.extension<SmoothColorsThemeExtension>().primaryDark,
+      SmoothModalSheetType.info => context.lightTheme()
+          ? context.extension<SmoothColorsThemeExtension>().primaryBlack
+          : Colors.black,
     };
   }
 
diff --git a/packages/smooth_app/lib/generic_lib/widgets/languages_selector.dart b/packages/smooth_app/lib/generic_lib/widgets/languages_selector.dart
index 03a2075ded2a..51cbf6257788 100644
--- a/packages/smooth_app/lib/generic_lib/widgets/languages_selector.dart
+++ b/packages/smooth_app/lib/generic_lib/widgets/languages_selector.dart
@@ -268,24 +268,31 @@ class _LanguagesListState extends State<_LanguagesList> {
           width: double.infinity,
           height: MediaQuery.sizeOf(context).height *
               (widget.selectedLanguages.isNotEmpty ? 0.4 : 0.3),
-          child: Scrollbar(
-            child: ListView.separated(
-              padding: EdgeInsets.zero,
-              itemBuilder: (BuildContext context, int index) {
-                final (OpenFoodFactsLanguage? language, _LanguageType type) =
-                    _findItem(index);
-
-                if (type == _LanguageType.selectedTitle ||
-                    type == _LanguageType.popularTitle) {
-                  return _buildSection(extension, type, appLocalizations);
-                }
-
-                return _buildLanguageTile(language, type);
-              },
-              itemCount: _countItems(),
-              shrinkWrap: true,
-              separatorBuilder: (_, __) => const Divider(height: 1.0),
-              reverse: true,
+          child: Theme(
+            data: Theme.of(context).copyWith(
+              dividerTheme: DividerThemeData(
+                color: context.lightTheme() ? null : extension.greyDark,
+              ),
+            ),
+            child: Scrollbar(
+              child: ListView.separated(
+                padding: EdgeInsets.zero,
+                itemBuilder: (BuildContext context, int index) {
+                  final (OpenFoodFactsLanguage? language, _LanguageType type) =
+                      _findItem(index);
+
+                  if (type == _LanguageType.selectedTitle ||
+                      type == _LanguageType.popularTitle) {
+                    return _buildSection(extension, type, appLocalizations);
+                  }
+
+                  return _buildLanguageTile(language, type);
+                },
+                itemCount: _countItems(),
+                shrinkWrap: true,
+                separatorBuilder: (_, __) => const Divider(height: 1.0),
+                reverse: true,
+              ),
             ),
           ),
         ),
@@ -328,7 +335,7 @@ class _LanguagesListState extends State<_LanguagesList> {
     return Container(
       color: context.lightTheme()
           ? extension.primaryMedium
-          : extension.primaryNormal,
+          : extension.primarySemiDark,
       padding: const EdgeInsetsDirectional.symmetric(
         horizontal: VERY_LARGE_SPACE,
         vertical: VERY_SMALL_SPACE,
diff --git a/packages/smooth_app/lib/generic_lib/widgets/smooth_text_form_field.dart b/packages/smooth_app/lib/generic_lib/widgets/smooth_text_form_field.dart
index 80f15c9e3a66..69e8cf44e0cb 100644
--- a/packages/smooth_app/lib/generic_lib/widgets/smooth_text_form_field.dart
+++ b/packages/smooth_app/lib/generic_lib/widgets/smooth_text_form_field.dart
@@ -17,6 +17,7 @@ class SmoothTextFormField extends StatefulWidget {
     required this.controller,
     this.enabled,
     this.textInputAction,
+    this.textCapitalization,
     this.validator,
     this.autofillHints,
     required this.hintText,
@@ -43,6 +44,7 @@ class SmoothTextFormField extends StatefulWidget {
   final Widget? suffixIcon;
   final bool? enabled;
   final TextInputAction? textInputAction;
+  final TextCapitalization? textCapitalization;
   final String? Function(String?)? validator;
   final Iterable<String>? autofillHints;
   final TextInputType? textInputType;
@@ -91,6 +93,7 @@ class _SmoothTextFormFieldState extends State<SmoothTextFormField> {
       controller: widget.controller,
       enabled: widget.enabled,
       textInputAction: widget.textInputAction,
+      textCapitalization: widget.textCapitalization ?? TextCapitalization.none,
       validator: widget.validator,
       obscureText: _obscureText,
       enableSuggestions: enableSuggestions,
diff --git a/packages/smooth_app/lib/helpers/collections_helper.dart b/packages/smooth_app/lib/helpers/collections_helper.dart
index b92662ab2c1f..d2098cefbdf4 100644
--- a/packages/smooth_app/lib/helpers/collections_helper.dart
+++ b/packages/smooth_app/lib/helpers/collections_helper.dart
@@ -71,6 +71,19 @@ extension StringIterable on Iterable<String> {
   }
 }
 
+extension IterableExtension<T> on Iterable<T> {
+  int indexOf(T value) {
+    int index = 0;
+    for (final T item in this) {
+      if (item == value) {
+        return index;
+      }
+      index++;
+    }
+    return -1;
+  }
+}
+
 extension ListExtensions<T> on List<T> {
   void addAllSafe(Iterable<T>? elements) {
     if (elements != null) {
diff --git a/packages/smooth_app/lib/l10n/app_en.arb b/packages/smooth_app/lib/l10n/app_en.arb
index 0582a4de988d..7c977b80cdeb 100644
--- a/packages/smooth_app/lib/l10n/app_en.arb
+++ b/packages/smooth_app/lib/l10n/app_en.arb
@@ -1489,6 +1489,10 @@
     "@edit_product_pending_operations_banner_message": {
         "description": "When a product has pending edits (being sent to the server), there is a message on the edit page. Please keep the ** syntax to make the text bold."
     },
+    "edit_product_pending_operations_banner_short_message": "Your edits are being **sent in the background** (or later in case of error).",
+    "@edit_product_pending_operations_banner_short_message": {
+        "description": "When a product has pending edits (being sent to the server), there is a message on the edit page. Please keep the ** syntax to make the text bold."
+    },
     "edit_product_label_short": "Edit",
     "@edit_product_label_short": {
         "description": "Edit product button short label (only the verb)"
diff --git a/packages/smooth_app/lib/l10n/app_fr.arb b/packages/smooth_app/lib/l10n/app_fr.arb
index c01e914d2899..fc6943cf56b0 100644
--- a/packages/smooth_app/lib/l10n/app_fr.arb
+++ b/packages/smooth_app/lib/l10n/app_fr.arb
@@ -1489,6 +1489,10 @@
     "@edit_product_pending_operations_banner_message": {
         "description": "When a product has pending edits (being sent to the server), there is a message on the edit page. Please keep the ** syntax to make the text bold."
     },
+    "edit_product_pending_operations_banner_short_message": "Vos modifications sont en cours d'envoi en **arrière-plan** (ou plus tard en cas d'erreur).",
+    "@edit_product_pending_operations_banner_short_message": {
+        "description": "When a product has pending edits (being sent to the server), there is a message on the edit page. Please keep the ** syntax to make the text bold."
+    },
     "edit_product_label_short": "Modifier",
     "@edit_product_label_short": {
         "description": "Edit product button short label (only the verb)"
diff --git a/packages/smooth_app/lib/pages/image/product_image_other_page.dart b/packages/smooth_app/lib/pages/image/product_image_other_page.dart
index 07d9ffacf764..2f700905de3c 100644
--- a/packages/smooth_app/lib/pages/image/product_image_other_page.dart
+++ b/packages/smooth_app/lib/pages/image/product_image_other_page.dart
@@ -53,7 +53,7 @@ class ProductImageOtherPage extends StatefulWidget {
       product.productType,
     );
 
-    final Widget existingPictureIcon = icons.Picture.checkAlt(
+    final Widget existingPictureIcon = icons.Picture.check(
       color: extension.success,
       semanticLabel: appLocalizations.photo_already_exists,
     );
diff --git a/packages/smooth_app/lib/pages/product/add_basic_details/add_basic_details_name.dart b/packages/smooth_app/lib/pages/product/add_basic_details/add_basic_details_name.dart
index 4796bce2e971..46325181e763 100644
--- a/packages/smooth_app/lib/pages/product/add_basic_details/add_basic_details_name.dart
+++ b/packages/smooth_app/lib/pages/product/add_basic_details/add_basic_details_name.dart
@@ -300,6 +300,7 @@ class _ProductNameInputWidgetState extends State<_ProductNameInputWidget> {
                   child: SmoothTextFormField(
                     controller: widget.controller,
                     type: TextFieldTypes.PLAIN_TEXT,
+                    textCapitalization: TextCapitalization.sentences,
                     hintText:
                         appLocalizations.add_basic_details_product_name_hint,
                     hintTextStyle:
@@ -316,7 +317,7 @@ class _ProductNameInputWidgetState extends State<_ProductNameInputWidget> {
                 const SizedBox(width: 2.0),
                 if (widget.productName.hasPhoto || _photoTaken)
                   IconButton(
-                    icon: icons.Picture.checkAlt(
+                    icon: icons.Picture.check(
                       color: extension.success,
                     ),
                     tooltip: appLocalizations
@@ -490,7 +491,6 @@ class _ProductNameExplanation extends StatelessWidget {
           const SizedBox(height: VERY_LARGE_SPACE),
           ExplanationBodyInfo(
             text: appLocalizations.add_basic_details_product_name_help_info2,
-            icon: false,
             safeArea: true,
           ),
         ],
diff --git a/packages/smooth_app/lib/pages/product/edit_ocr/edit_ocr_textfield.dart b/packages/smooth_app/lib/pages/product/edit_ocr/edit_ocr_textfield.dart
index 0e0dbec0f014..654f0b5878e6 100644
--- a/packages/smooth_app/lib/pages/product/edit_ocr/edit_ocr_textfield.dart
+++ b/packages/smooth_app/lib/pages/product/edit_ocr/edit_ocr_textfield.dart
@@ -102,6 +102,7 @@ class EditOCRTextField extends StatelessWidget {
                     maxLines: null,
                     controller: controller,
                     textInputAction: TextInputAction.newline,
+                    textCapitalization: TextCapitalization.sentences,
                     spellCheckConfiguration: (prefs.getFlag(
                                     UserPreferencesDevMode
                                         .userPreferencesFlagSpellCheckerOnOcr) ??
diff --git a/packages/smooth_app/lib/pages/product/edit_product/edit_product_footer.dart b/packages/smooth_app/lib/pages/product/edit_product/edit_product_footer.dart
index 711046bbaba6..1ff838dd58bb 100644
--- a/packages/smooth_app/lib/pages/product/edit_product/edit_product_footer.dart
+++ b/packages/smooth_app/lib/pages/product/edit_product/edit_product_footer.dart
@@ -1,170 +1,383 @@
 import 'dart:math' as math;
 
 import 'package:flutter/material.dart';
+import 'package:flutter_gen/gen_l10n/app_localizations.dart';
 import 'package:smooth_app/generic_lib/design_constants.dart';
 import 'package:smooth_app/generic_lib/duration_constants.dart';
 import 'package:smooth_app/helpers/haptic_feedback_helper.dart';
 import 'package:smooth_app/helpers/num_utils.dart';
 import 'package:smooth_app/helpers/ui_helpers.dart';
 import 'package:smooth_app/pages/product/product_page/footer/new_product_footer.dart';
+import 'package:smooth_app/resources/app_animations.dart';
 import 'package:smooth_app/resources/app_icons.dart';
 import 'package:smooth_app/themes/smooth_theme.dart';
 import 'package:smooth_app/themes/smooth_theme_colors.dart';
 import 'package:smooth_app/themes/theme_provider.dart';
+import 'package:smooth_app/widgets/smooth_text.dart';
+import 'package:smooth_app/widgets/widget_height.dart';
 
 class EditProductFooter extends StatefulWidget {
-  const EditProductFooter({super.key});
+  const EditProductFooter({
+    required this.uploadIndicator,
+    super.key,
+  });
+
+  final bool uploadIndicator;
 
   @override
   State<EditProductFooter> createState() => _EditProductFooterState();
 }
 
 class _EditProductFooterState extends State<EditProductFooter>
-    with SingleTickerProviderStateMixin {
+    with TickerProviderStateMixin {
   static const double BUTTON_WIDTH = 45.0;
 
-  late AnimationController _controller;
-  late Animation<double> _animation;
-  late double _offsetX = -1.0;
+  final ScrollController _scrollController = ScrollController();
+
+  late AnimationController _menuController;
+  late AnimationController _loadingController;
+  late Animation<double> _menuAnimation;
+  late Animation<double> _loadingAnimation;
+  late double _menuOffsetX = -1.0;
+  late double _loadingOffsetY;
+  late double _height = 0.0;
+  late DragStartDetails _dragStartDetails;
 
   @override
   void initState() {
     super.initState();
-    _controller = AnimationController(
+    _menuController = AnimationController(
       vsync: this,
       duration: SmoothAnimationsDuration.medium,
-    )..addListener(() => setState(() {
-          _offsetX = _animation.value;
-        }));
+    )
+      ..addListener(() {
+        setState(() {
+          _menuOffsetX = _menuAnimation.value;
+
+          /// Also move the upload indicator
+          if (widget.uploadIndicator) {
+            _loadingOffsetY = _height *
+                (1 - _menuOffsetX.progressAndClamp(0.0, _maxOffsetX, 1.0));
+          }
+        });
+      })
+      ..addStatusListener((AnimationStatus status) {
+        if (status == AnimationStatus.completed && _menuOffsetX > 0.0) {
+          _scrollController.jumpTo(0.0);
+        }
+      });
+
+    _loadingController = AnimationController(
+      vsync: this,
+      duration: SmoothAnimationsDuration.long,
+    )..addListener(() {
+        setState(() => _loadingOffsetY = _loadingAnimation.value);
+      });
+
+    if (widget.uploadIndicator) {
+      _loadingOffsetY = 0.0;
+    } else {
+      /// Temp value
+      _loadingOffsetY = double.infinity;
+    }
 
     onNextFrame(() => setState(
-          () => _offsetX = MediaQuery.sizeOf(context).width - BUTTON_WIDTH,
+          () => _menuOffsetX = _maxOffsetX,
         ));
   }
 
+  @override
+  void didUpdateWidget(covariant EditProductFooter oldWidget) {
+    super.didUpdateWidget(oldWidget);
+
+    if (oldWidget.uploadIndicator != widget.uploadIndicator) {
+      if (widget.uploadIndicator) {
+        _startLoadingAnimation(from: _height, to: 0.0);
+      } else {
+        _startLoadingAnimation(from: 0.0, to: _height);
+      }
+    }
+  }
+
   @override
   Widget build(BuildContext context) {
-    if (_offsetX < 0.0) {
+    if (_menuOffsetX < 0.0) {
       /// Wait for the first frame to be displayed
       return EMPTY_WIDGET;
     }
 
     final double width = MediaQuery.sizeOf(context).width;
 
-    return Transform.translate(
-      offset: Offset(_offsetX, 0),
-      child: IntrinsicHeight(
-        child: Row(
-          children: <Widget>[
-            GestureDetector(
-              onTap: () {
-                if (_offsetX == 0.0) {
-                  _startAnimation(
-                    from: 0.0,
-                    to: width - BUTTON_WIDTH,
-                  );
-                } else {
-                  _startAnimation(
-                    from: width - BUTTON_WIDTH,
-                    to: 0.0,
-                  );
-                }
-              },
-              onTapDown: (TapDownDetails details) {
-                SmoothHapticFeedback.click();
-              },
-              onHorizontalDragUpdate: (DragUpdateDetails details) {
-                setState(() {
-                  _offsetX += details.delta.dx;
-                  if (_offsetX < 0) {
-                    _offsetX = 0;
-                  } else if (_offsetX > width - BUTTON_WIDTH) {
-                    _offsetX = width - BUTTON_WIDTH;
-                  }
-                });
-              },
-              onHorizontalDragEnd: (DragEndDetails details) {
-                if (details.globalPosition.dx < width / 2) {
-                  _startAnimation(
-                    from: _offsetX,
-                    to: 0.0,
-                  );
-                } else {
-                  _startAnimation(
-                    from: _offsetX,
-                    to: width - BUTTON_WIDTH,
-                  );
-                }
-              },
-              child: DecoratedBox(
-                decoration: BoxDecoration(
-                  borderRadius: BorderRadiusDirectional.only(
-                    topStart: Radius.circular(
-                      _offsetX.progressAndClamp(0.0, width / 4, 1.0) * 20.0,
-                    ),
-                  ),
-                  color: context.lightTheme()
-                      ? context
-                          .extension<SmoothColorsThemeExtension>()
-                          .primaryBlack
-                      : context
-                          .extension<SmoothColorsThemeExtension>()
-                          .primarySemiDark,
+    return Stack(
+      children: <Widget>[
+        PositionedDirectional(
+          top: 0.0,
+          start: 0.0,
+          end: BUTTON_WIDTH - 20.0,
+          bottom: 0.0,
+          child: Offstage(
+            offstage: _loadingOffsetY == _height,
+            child: Opacity(
+              opacity: 1 - _loadingOffsetY.progressAndClamp(0.0, _height, 1.0),
+              child: Transform.translate(
+                offset: Offset(
+                  0.0,
+                  _loadingOffsetY,
                 ),
-                child: SizedBox(
-                  width: BUTTON_WIDTH,
-                  height: ProductFooter.kHeight +
-                      LARGE_SPACE +
-                      MediaQuery.viewPaddingOf(context).bottom,
-                  child: Padding(
-                    padding: EdgeInsetsDirectional.only(
-                      top: LARGE_SPACE,
-                      bottom: MediaQuery.viewPaddingOf(context).bottom,
-                    ),
-                    child: Transform.rotate(
-                      angle: math.pi *
-                          (1 -
-                              _offsetX.progressAndClamp(
-                                  0.0, width - BUTTON_WIDTH, 1.0)),
-                      child: const Drag.start(
-                        color: Colors.white,
+                child: const _EditPageLoadingIndicator(),
+              ),
+            ),
+          ),
+        ),
+        MeasureSize(
+          onChange: _onSizeAvailable,
+          child: Transform.translate(
+            offset: Offset(_menuOffsetX, 0),
+            child: IntrinsicHeight(
+              child: Row(
+                children: <Widget>[
+                  GestureDetector(
+                    onTap: () => _onTapMenu(width),
+                    onTapDown: (TapDownDetails details) =>
+                        SmoothHapticFeedback.click(),
+                    onHorizontalDragStart: (DragStartDetails details) {
+                      SmoothHapticFeedback.click();
+                      _dragStartDetails = details;
+                    },
+                    onHorizontalDragUpdate: (DragUpdateDetails details) =>
+                        _onHorizontalDragUpdate(details, width),
+                    onHorizontalDragEnd: (DragEndDetails details) =>
+                        _onHorizontalDragEnd(details, width),
+                    child: DecoratedBox(
+                      decoration: BoxDecoration(
+                        borderRadius: BorderRadiusDirectional.only(
+                          topStart: Radius.circular(
+                            _menuOffsetX.progressAndClamp(0.0, width / 4, 1.0) *
+                                20.0,
+                          ),
+                        ),
+                        color: context.lightTheme()
+                            ? context
+                                .extension<SmoothColorsThemeExtension>()
+                                .primaryBlack
+                            : context
+                                .extension<SmoothColorsThemeExtension>()
+                                .primarySemiDark,
+                      ),
+                      child: SizedBox(
+                        width: BUTTON_WIDTH,
+                        height: ProductFooter.kHeight +
+                            LARGE_SPACE +
+                            MediaQuery.viewPaddingOf(context).bottom,
+                        child: Padding(
+                          padding: EdgeInsetsDirectional.only(
+                            top: LARGE_SPACE,
+                            bottom: MediaQuery.viewPaddingOf(context).bottom,
+                          ),
+                          child: Transform.rotate(
+                            angle: math.pi *
+                                (1 -
+                                    _menuOffsetX.progressAndClamp(
+                                        0.0, width - BUTTON_WIDTH, 1.0)),
+                            child: const Drag.start(
+                              color: Colors.white,
+                            ),
+                          ),
+                        ),
                       ),
                     ),
                   ),
-                ),
-              ),
-            ),
-            SizedBox(
-              width: MediaQuery.sizeOf(context).width - BUTTON_WIDTH,
-              child: const ProductFooter(
-                actions: <ProductFooterActionBar>[
-                  ProductFooterActionBar.barcode,
-                  ProductFooterActionBar.contributionGuide,
-                  ProductFooterActionBar.openWebsite,
+                  SizedBox(
+                    width: MediaQuery.sizeOf(context).width - BUTTON_WIDTH,
+                    child: ProductFooter(
+                      actions: const <ProductFooterActionBar>[
+                        ProductFooterActionBar.barcode,
+                        ProductFooterActionBar.contributionGuide,
+                        ProductFooterActionBar.openWebsite,
+                      ],
+                      scrollController: _scrollController,
+                      highlightFirstItem: false,
+                      showSettings: false,
+                    ),
+                  ),
                 ],
-                highlightFirstItem: false,
-                showSettings: false,
               ),
             ),
-          ],
+          ),
         ),
-      ),
+      ],
     );
   }
 
-  void _startAnimation({required double from, required double to}) {
-    _animation = Tween<double>(
+  void _onSizeAvailable(Size size) {
+    if (_height != size.height) {
+      _height = size.height;
+      if (!widget.uploadIndicator) {
+        _loadingOffsetY = _height;
+      }
+
+      _loadingAnimation = Tween<double>(
+        begin: 0.0,
+        end: _height,
+      ).animate(
+        CurvedAnimation(
+          parent: _loadingController,
+          curve: Curves.easeOutQuint,
+        ),
+      );
+
+      setState(() {});
+    }
+  }
+
+  void _onTapMenu(double width) {
+    if (_menuOffsetX == 0.0) {
+      _startMenuAnimation(
+        from: 0.0,
+        to: width - BUTTON_WIDTH,
+      );
+    } else {
+      _startMenuAnimation(
+        from: width - BUTTON_WIDTH,
+        to: 0.0,
+      );
+    }
+  }
+
+  /// Move the menu and the upload indicator
+  void _onHorizontalDragUpdate(DragUpdateDetails details, double width) {
+    setState(() {
+      _menuOffsetX += details.delta.dx;
+      if (_menuOffsetX < 0) {
+        _menuOffsetX = 0;
+      } else if (_menuOffsetX > width - BUTTON_WIDTH) {
+        _menuOffsetX = width - BUTTON_WIDTH;
+      }
+
+      if (widget.uploadIndicator) {
+        _loadingOffsetY = _height *
+            (1 - _menuOffsetX.progressAndClamp(0.0, _maxOffsetX, 1.0));
+      }
+    });
+  }
+
+  /// Snap to the closest edge
+  void _onHorizontalDragEnd(DragEndDetails details, double width) {
+    if (_dragStartDetails.localPosition.dx - details.localPosition.dx > 0) {
+      _startMenuAnimation(
+        from: _menuOffsetX,
+        to: 0.0,
+      );
+    } else {
+      _startMenuAnimation(
+        from: _menuOffsetX,
+        to: width - BUTTON_WIDTH,
+      );
+    }
+  }
+
+  double get _maxOffsetX => MediaQuery.sizeOf(context).width - BUTTON_WIDTH;
+
+  void _startMenuAnimation({required double from, required double to}) {
+    _menuAnimation = Tween<double>(
       begin: from,
       end: to,
     ).animate(
-      CurvedAnimation(parent: _controller, curve: Curves.easeOutQuint),
+      CurvedAnimation(parent: _menuController, curve: Curves.easeOutQuint),
     );
-    _controller.forward(from: 0.0);
+    _menuController.forward(from: 0.0);
+  }
+
+  void _startLoadingAnimation({required double from, required double to}) {
+    /// The controller is already set up
+    if (from == 0.0) {
+      _loadingController.forward(from: 0.0);
+    } else {
+      _loadingController.reverse(from: 1.0);
+    }
   }
 
   @override
   void dispose() {
-    _controller.dispose();
+    _menuController.dispose();
+    _loadingController.dispose();
     super.dispose();
   }
 }
+
+class _EditPageLoadingIndicator extends StatelessWidget {
+  const _EditPageLoadingIndicator();
+
+  @override
+  Widget build(BuildContext context) {
+    final AppLocalizations appLocalizations = AppLocalizations.of(context);
+    final SmoothColorsThemeExtension extension =
+        context.extension<SmoothColorsThemeExtension>();
+
+    final bool lightTheme = context.lightTheme();
+
+    return DecoratedBox(
+      decoration: BoxDecoration(
+        boxShadow: <BoxShadow>[
+          BoxShadow(
+            color:
+                context.lightTheme() ? Colors.black12 : const Color(0x10FFFFFF),
+            blurRadius: 6.0,
+            offset: const Offset(0.0, -4.0),
+          ),
+        ],
+      ),
+      child: IntrinsicHeight(
+        child: Row(
+          crossAxisAlignment: CrossAxisAlignment.start,
+          children: <Widget>[
+            Expanded(
+              flex: 15,
+              child: ExcludeSemantics(
+                child: Container(
+                  width: double.infinity,
+                  height: double.infinity,
+                  color: const Color(0xFF824116),
+                  padding: EdgeInsetsDirectional.only(
+                    top: SMALL_SPACE,
+                    start: LARGE_SPACE,
+                    end: LARGE_SPACE,
+                    bottom: MediaQuery.viewPaddingOf(context).bottom,
+                  ),
+                  alignment: AlignmentDirectional.center,
+                  child: CloudUploadAnimation(
+                    size: MediaQuery.sizeOf(context).width * 0.10,
+                    color: lightTheme ? Colors.white : null,
+                  ),
+                ),
+              ),
+            ),
+            Expanded(
+              flex: 85,
+              child: Container(
+                width: double.infinity,
+                height: double.infinity,
+                color: lightTheme ? Colors.white : extension.primaryUltraBlack,
+                alignment: AlignmentDirectional.center,
+                padding: EdgeInsetsDirectional.only(
+                  start: MEDIUM_SPACE,
+                  end: LARGE_SPACE * 2,
+                  bottom: MediaQuery.viewPaddingOf(context).bottom,
+                ),
+                child: TextWithBoldParts(
+                  text: appLocalizations
+                      .edit_product_pending_operations_banner_short_message,
+                  textStyle: const TextStyle(
+                    fontSize: 14.5,
+                  ),
+                  maxLines: 2,
+                  overflow: TextOverflow.ellipsis,
+                ),
+              ),
+            ),
+          ],
+        ),
+      ),
+    );
+  }
+}
diff --git a/packages/smooth_app/lib/pages/product/edit_product/edit_product_page.dart b/packages/smooth_app/lib/pages/product/edit_product/edit_product_page.dart
index 119bee959778..3fb008453717 100644
--- a/packages/smooth_app/lib/pages/product/edit_product/edit_product_page.dart
+++ b/packages/smooth_app/lib/pages/product/edit_product/edit_product_page.dart
@@ -9,7 +9,6 @@ import 'package:smooth_app/database/local_database.dart';
 import 'package:smooth_app/generic_lib/design_constants.dart';
 import 'package:smooth_app/generic_lib/widgets/smooth_list_tile_card.dart';
 import 'package:smooth_app/helpers/analytics_helper.dart';
-import 'package:smooth_app/helpers/color_extension.dart';
 import 'package:smooth_app/helpers/product_cards_helper.dart';
 import 'package:smooth_app/pages/onboarding/currency_selector_helper.dart';
 import 'package:smooth_app/pages/prices/price_meta_product.dart';
@@ -23,12 +22,10 @@ import 'package:smooth_app/pages/product/product_field_editor.dart';
 import 'package:smooth_app/pages/product/product_page/footer/new_product_footer.dart';
 import 'package:smooth_app/pages/product/simple_input_page.dart';
 import 'package:smooth_app/pages/product/simple_input_page_helpers.dart';
-import 'package:smooth_app/resources/app_animations.dart';
 import 'package:smooth_app/resources/app_icons.dart' as icons;
 import 'package:smooth_app/themes/smooth_theme.dart';
 import 'package:smooth_app/themes/smooth_theme_colors.dart';
 import 'package:smooth_app/themes/theme_provider.dart';
-import 'package:smooth_app/widgets/smooth_banner.dart';
 import 'package:smooth_app/widgets/v2/smooth_scaffold2.dart';
 import 'package:smooth_app/widgets/v2/smooth_topbar2.dart';
 
@@ -93,9 +90,9 @@ class _EditProductPageState extends State<EditProductPage> with UpToDateMixin {
           bottom: MEDIUM_SPACE + ProductFooter.kHeight + LARGE_SPACE,
         ),
         bottomSafeArea: true,
-        floatingBottomBar: const EditProductFooter(),
-        bottomBar:
-            hasUploadIndicator ? const _EditPageLoadingIndicator() : null,
+        floatingBottomBar: EditProductFooter(
+          uploadIndicator: hasUploadIndicator,
+        ),
         children: <Widget>[
           SliverList.list(
             children: <Widget>[
@@ -330,35 +327,3 @@ class _ListTitleItem extends SmoothListTileCard {
           ),
         );
 }
-
-class _EditPageLoadingIndicator extends StatelessWidget {
-  const _EditPageLoadingIndicator();
-
-  @override
-  Widget build(BuildContext context) {
-    final AppLocalizations appLocalizations = AppLocalizations.of(context);
-    final SmoothColorsThemeExtension extension =
-        context.extension<SmoothColorsThemeExtension>();
-
-    final bool lightTheme = context.lightTheme();
-
-    return SmoothBanner(
-      icon: CloudUploadAnimation(
-        size: MediaQuery.sizeOf(context).width * 0.10,
-      ),
-      iconAlignment: AlignmentDirectional.center,
-      iconBackgroundColor: lightTheme ? extension.primaryBlack : Colors.black,
-      title: appLocalizations.edit_product_pending_operations_banner_title,
-      titleColor: lightTheme ? null : Colors.white,
-      titleBackgroundColor:
-          lightTheme ? extension.primaryMedium : Colors.black26,
-      contentBackgroundColor: lightTheme
-          ? extension.primaryMedium.lighten()
-          : extension.primaryUltraBlack,
-      contentColor: lightTheme ? null : Colors.grey[200],
-      topShadow: true,
-      content: appLocalizations.edit_product_pending_operations_banner_message,
-      addSafeArea: true,
-    );
-  }
-}
diff --git a/packages/smooth_app/lib/pages/product/nutrition_page/nutrition_page.dart b/packages/smooth_app/lib/pages/product/nutrition_page/nutrition_page.dart
index 5eaa334a7a5e..bfcdd80438e1 100644
--- a/packages/smooth_app/lib/pages/product/nutrition_page/nutrition_page.dart
+++ b/packages/smooth_app/lib/pages/product/nutrition_page/nutrition_page.dart
@@ -122,7 +122,7 @@ class _NutritionPageLoadedState extends State<NutritionPageLoaded>
                   actions: <Widget>[
                     if (!_imageVisible)
                       IconButton(
-                        icon: const Icon(Icons.image_rounded),
+                        icon: const Picture.open(),
                         tooltip: ImageField.NUTRITION
                             .getProductImageButtonText(appLocalizations),
                         onPressed: () {
diff --git a/packages/smooth_app/lib/pages/product/nutrition_page/widgets/nutrition_facts_editor.dart b/packages/smooth_app/lib/pages/product/nutrition_page/widgets/nutrition_facts_editor.dart
index b790bf1c4dbb..06d628844d58 100644
--- a/packages/smooth_app/lib/pages/product/nutrition_page/widgets/nutrition_facts_editor.dart
+++ b/packages/smooth_app/lib/pages/product/nutrition_page/widgets/nutrition_facts_editor.dart
@@ -6,6 +6,7 @@ import 'package:openfoodfacts/openfoodfacts.dart';
 import 'package:provider/provider.dart';
 import 'package:smooth_app/generic_lib/design_constants.dart';
 import 'package:smooth_app/generic_lib/duration_constants.dart';
+import 'package:smooth_app/helpers/collections_helper.dart';
 import 'package:smooth_app/helpers/text_input_formatters_helper.dart';
 import 'package:smooth_app/pages/product/nutrition_page/nutrition_page.dart';
 import 'package:smooth_app/pages/product/nutrition_page/widgets/nutrition_container_helper.dart';
@@ -115,8 +116,8 @@ class _NutrientRowState extends State<NutrientRow>
                     children: <Widget>[
                       Expanded(
                         child: _NutrientUnitCell(
-                          widget.nutritionContainer,
-                          widget.orderedNutrient,
+                          nutritionContainer: widget.nutritionContainer,
+                          orderedNutrient: widget.orderedNutrient,
                         ),
                       ),
                       const _NutrientUnitVisibility()
@@ -185,16 +186,22 @@ class _NutrientValueCell extends StatelessWidget {
               child: Column(
                 crossAxisAlignment: CrossAxisAlignment.start,
                 children: <Widget>[
-                  Padding(
-                    padding: const EdgeInsetsDirectional.only(
-                      start: VERY_SMALL_SPACE,
-                      bottom: VERY_SMALL_SPACE,
-                    ),
-                    child: Text(
-                      orderedNutrient.name!,
-                      style: const TextStyle(
-                        fontWeight: FontWeight.w600,
-                        fontSize: 15.0,
+                  GestureDetector(
+                    onTap: () => focusNodes[orderedNutrient]?.requestFocus(),
+                    child: SizedBox(
+                      width: double.infinity,
+                      child: Padding(
+                        padding: const EdgeInsetsDirectional.only(
+                          start: VERY_SMALL_SPACE,
+                          bottom: VERY_SMALL_SPACE,
+                        ),
+                        child: Text(
+                          orderedNutrient.name!,
+                          style: const TextStyle(
+                            fontWeight: FontWeight.w600,
+                            fontSize: 15.0,
+                          ),
+                        ),
                       ),
                     ),
                   ),
@@ -228,6 +235,19 @@ class _NutrientValueCell extends StatelessWidget {
                           ),
                           DecimalSeparatorRewriter(decimalNumberFormat),
                         ],
+                        onFieldSubmitted: (final String value) {
+                          focusNodes[orderedNutrient]?.unfocus();
+
+                          if (isLast) {
+                            return;
+                          }
+
+                          final int position =
+                              focusNodes.keys.indexOf(orderedNutrient);
+
+                          focusNodes[focusNodes.keys.elementAt(position + 1)]
+                              ?.requestFocus();
+                        },
                         validator: (String? value) {
                           if (value == null || value.trim().isEmpty) {
                             return null;
@@ -261,10 +281,10 @@ class _NutrientValueCell extends StatelessWidget {
 }
 
 class _NutrientUnitCell extends StatefulWidget {
-  const _NutrientUnitCell(
-    this.nutritionContainer,
-    this.orderedNutrient,
-  );
+  const _NutrientUnitCell({
+    required this.nutritionContainer,
+    required this.orderedNutrient,
+  });
 
   final NutritionContainerHelper nutritionContainer;
   final OrderedNutrient orderedNutrient;
diff --git a/packages/smooth_app/lib/pages/product/product_page/footer/new_product_footer.dart b/packages/smooth_app/lib/pages/product/product_page/footer/new_product_footer.dart
index 0a81373dfca7..cc13633fa325 100644
--- a/packages/smooth_app/lib/pages/product/product_page/footer/new_product_footer.dart
+++ b/packages/smooth_app/lib/pages/product/product_page/footer/new_product_footer.dart
@@ -27,6 +27,7 @@ class ProductFooter extends StatelessWidget {
   const ProductFooter({
     super.key,
     this.actions,
+    this.scrollController,
     this.showSettings = true,
     this.highlightFirstItem = true,
   });
@@ -36,6 +37,7 @@ class ProductFooter extends StatelessWidget {
   final List<ProductFooterActionBar>? actions;
   final bool showSettings;
   final bool highlightFirstItem;
+  final ScrollController? scrollController;
 
   @override
   Widget build(BuildContext context) {
@@ -53,6 +55,7 @@ class ProductFooter extends StatelessWidget {
       ),
       child: _ProductFooterButtonsBar(
         actions: actions,
+        scrollController: scrollController,
         showSettings: showSettings,
         highlightFirstItem: highlightFirstItem,
       ),
@@ -108,9 +111,11 @@ class _ProductFooterButtonsBar extends StatelessWidget {
     required this.showSettings,
     required this.highlightFirstItem,
     this.actions,
+    this.scrollController,
   });
 
   final List<ProductFooterActionBar>? actions;
+  final ScrollController? scrollController;
   final bool showSettings;
   final bool highlightFirstItem;
 
@@ -142,6 +147,7 @@ class _ProductFooterButtonsBar extends StatelessWidget {
         child: actions != null
             ? _ProductFooterButtonsBarItems(
                 actions: actions!,
+                scrollController: scrollController,
                 showSettings: showSettings,
                 highlightFirstItem: highlightFirstItem,
                 bottomPadding: bottomPadding,
@@ -157,6 +163,7 @@ class _ProductFooterButtonsBar extends StatelessWidget {
 
                   return _ProductFooterButtonsBarItems(
                     actions: productPageActions,
+                    scrollController: scrollController,
                     showSettings: showSettings,
                     highlightFirstItem: highlightFirstItem,
                     bottomPadding: bottomPadding,
@@ -174,9 +181,11 @@ class _ProductFooterButtonsBarItems extends StatelessWidget {
     required this.showSettings,
     required this.highlightFirstItem,
     required this.bottomPadding,
+    this.scrollController,
   });
 
   final List<ProductFooterActionBar> actions;
+  final ScrollController? scrollController;
   final bool showSettings;
   final bool highlightFirstItem;
   final double bottomPadding;
@@ -184,6 +193,7 @@ class _ProductFooterButtonsBarItems extends StatelessWidget {
   @override
   Widget build(BuildContext context) {
     return ListView.separated(
+      controller: scrollController,
       padding: EdgeInsetsDirectional.only(
         start: SMALL_SPACE,
         end: SMALL_SPACE,
diff --git a/packages/smooth_app/lib/pages/product/simple_input_page_helpers.dart b/packages/smooth_app/lib/pages/product/simple_input_page_helpers.dart
index 3549364498fb..0bc83e2f49b0 100644
--- a/packages/smooth_app/lib/pages/product/simple_input_page_helpers.dart
+++ b/packages/smooth_app/lib/pages/product/simple_input_page_helpers.dart
@@ -289,6 +289,9 @@ class SimpleInputPageBrandsHelper extends AbstractSimpleInputPageHelper {
   String getAddTooltip(AppLocalizations appLocalizations) =>
       appLocalizations.edit_product_form_item_add_action_brand;
 
+  @override
+  TextCapitalization? getTextCapitalization() => TextCapitalization.sentences;
+
   @override
   String getTypeLabel(AppLocalizations appLocalizations) =>
       appLocalizations.brand_name;
@@ -358,6 +361,9 @@ class SimpleInputPageStoreHelper extends AbstractSimpleInputPageHelper {
   String getAddTooltip(AppLocalizations appLocalizations) =>
       appLocalizations.edit_product_form_item_add_action_store;
 
+  @override
+  TextCapitalization? getTextCapitalization() => TextCapitalization.sentences;
+
   @override
   String getTypeLabel(AppLocalizations appLocalizations) =>
       appLocalizations.edit_product_form_item_stores_type;
@@ -400,6 +406,9 @@ class SimpleInputPageOriginHelper extends AbstractSimpleInputPageHelper {
   String getAddTooltip(AppLocalizations appLocalizations) =>
       appLocalizations.edit_product_form_item_add_action_origin;
 
+  @override
+  TextCapitalization? getTextCapitalization() => TextCapitalization.sentences;
+
   @override
   String getTypeLabel(AppLocalizations appLocalizations) =>
       appLocalizations.edit_product_form_item_origins_type;
@@ -531,6 +540,9 @@ class SimpleInputPageLabelHelper extends AbstractSimpleInputPageHelper {
   String getAddTooltip(AppLocalizations appLocalizations) =>
       appLocalizations.edit_product_form_item_add_action_label;
 
+  @override
+  TextCapitalization? getTextCapitalization() => TextCapitalization.sentences;
+
   @override
   String getTypeLabel(AppLocalizations appLocalizations) =>
       appLocalizations.edit_product_form_item_labels_type;
@@ -609,6 +621,9 @@ class SimpleInputPageCategoryHelper extends AbstractSimpleInputPageHelper {
   String getAddTooltip(AppLocalizations appLocalizations) =>
       appLocalizations.edit_product_form_item_add_action_category;
 
+  @override
+  TextCapitalization? getTextCapitalization() => TextCapitalization.sentences;
+
   @override
   String getTypeLabel(AppLocalizations appLocalizations) =>
       appLocalizations.edit_product_form_item_categories_type;
@@ -664,6 +679,9 @@ class SimpleInputPageCountryHelper extends AbstractSimpleInputPageHelper {
   String getAddTooltip(AppLocalizations appLocalizations) =>
       appLocalizations.edit_product_form_item_add_action_country;
 
+  @override
+  TextCapitalization? getTextCapitalization() => TextCapitalization.sentences;
+
   @override
   String getTypeLabel(AppLocalizations appLocalizations) =>
       appLocalizations.edit_product_form_item_countries_type;
diff --git a/packages/smooth_app/lib/resources/app_icons.dart b/packages/smooth_app/lib/resources/app_icons.dart
index 8af21eca470c..b48e2c8beb7c 100644
--- a/packages/smooth_app/lib/resources/app_icons.dart
+++ b/packages/smooth_app/lib/resources/app_icons.dart
@@ -1239,21 +1239,21 @@ class Picture extends AppIcon {
     super.key,
   }) : super._(_IconsFont.image_check);
 
-  const Picture.checkAlt({
+  const Picture.error({
     super.color,
     super.size,
     super.shadow,
     super.semanticLabel,
     super.key,
-  }) : super._(_IconsFont.image_check_alt);
+  }) : super._(_IconsFont.image_error);
 
-  const Picture.error({
+  const Picture.open({
     super.color,
     super.size,
     super.shadow,
     super.semanticLabel,
     super.key,
-  }) : super._(_IconsFont.image_error);
+  }) : super._(_IconsFont.image_open);
 }
 
 class PinchToZoom extends AppIcon {
diff --git a/packages/smooth_app/lib/resources/app_icons_font.dart b/packages/smooth_app/lib/resources/app_icons_font.dart
index e0011a304338..0e94bc7f78f0 100644
--- a/packages/smooth_app/lib/resources/app_icons_font.dart
+++ b/packages/smooth_app/lib/resources/app_icons_font.dart
@@ -159,10 +159,6 @@ class _IconsFont {
       IconData(0xe849, fontFamily: _kFontFam, fontPackage: _kFontPkg);
   static const IconData delete_trash =
       IconData(0xe84a, fontFamily: _kFontFam, fontPackage: _kFontPkg);
-  static const IconData image_check =
-      IconData(0xe84b, fontFamily: _kFontFam, fontPackage: _kFontPkg);
-  static const IconData image_add =
-      IconData(0xe84c, fontFamily: _kFontFam, fontPackage: _kFontPkg);
   static const IconData app_store =
       IconData(0xe84d, fontFamily: _kFontFam, fontPackage: _kFontPkg);
   static const IconData document =
@@ -237,8 +233,6 @@ class _IconsFont {
       IconData(0xe870, fontFamily: _kFontFam, fontPackage: _kFontPkg);
   static const IconData photo_select =
       IconData(0xe871, fontFamily: _kFontFam, fontPackage: _kFontPkg);
-  static const IconData image_check_alt =
-      IconData(0xe875, fontFamily: _kFontFam, fontPackage: _kFontPkg);
   static const IconData image_error =
       IconData(0xe876, fontFamily: _kFontFam, fontPackage: _kFontPkg);
   static const IconData milk_download =
@@ -251,8 +245,6 @@ class _IconsFont {
       IconData(0xe87b, fontFamily: _kFontFam, fontPackage: _kFontPkg);
   static const IconData scale =
       IconData(0xe87c, fontFamily: _kFontFam, fontPackage: _kFontPkg);
-  static const IconData gallery =
-      IconData(0xe87d, fontFamily: _kFontFam, fontPackage: _kFontPkg);
   static const IconData milk_filled_unhappy =
       IconData(0xe87e, fontFamily: _kFontFam, fontPackage: _kFontPkg);
   static const IconData move =
@@ -285,6 +277,14 @@ class _IconsFont {
       IconData(0xe88c, fontFamily: _kFontFam, fontPackage: _kFontPkg);
   static const IconData drag_start =
       IconData(0xe88d, fontFamily: _kFontFam, fontPackage: _kFontPkg);
+  static const IconData image_add =
+      IconData(0xe88e, fontFamily: _kFontFam, fontPackage: _kFontPkg);
+  static const IconData image_check =
+      IconData(0xe88f, fontFamily: _kFontFam, fontPackage: _kFontPkg);
+  static const IconData gallery =
+      IconData(0xe890, fontFamily: _kFontFam, fontPackage: _kFontPkg);
+  static const IconData image_open =
+      IconData(0xe891, fontFamily: _kFontFam, fontPackage: _kFontPkg);
   static const IconData share_cupertino =
       IconData(0xe8a4, fontFamily: _kFontFam, fontPackage: _kFontPkg);
   static const IconData share_material =
diff --git a/packages/smooth_app/lib/widgets/smooth_banner.dart b/packages/smooth_app/lib/widgets/smooth_banner.dart
index 80b447447a15..cd6249fb08dc 100644
--- a/packages/smooth_app/lib/widgets/smooth_banner.dart
+++ b/packages/smooth_app/lib/widgets/smooth_banner.dart
@@ -8,10 +8,12 @@ import 'package:smooth_app/widgets/smooth_text.dart';
 class SmoothBanner extends StatelessWidget {
   const SmoothBanner({
     required this.icon,
-    required this.title,
     required this.content,
+    this.title,
     this.titleColor,
+    this.titleStyle,
     this.contentColor,
+    this.contentStyle,
     this.iconAlignment,
     this.iconColor,
     this.iconBackgroundColor,
@@ -26,7 +28,7 @@ class SmoothBanner extends StatelessWidget {
 
   final AlignmentGeometry? iconAlignment;
   final Widget icon;
-  final String title;
+  final String? title;
   final String content;
 
   /// If not null, a dismiss button is displayed
@@ -39,7 +41,9 @@ class SmoothBanner extends StatelessWidget {
   final Color? iconColor;
   final Color? iconBackgroundColor;
   final Color? titleColor;
+  final TextStyle? titleStyle;
   final Color? contentColor;
+  final TextStyle? contentStyle;
   final Color? titleBackgroundColor;
   final Color? contentBackgroundColor;
 
@@ -96,16 +100,18 @@ class SmoothBanner extends StatelessWidget {
                       ),
                       child: Row(
                         children: <Widget>[
-                          Expanded(
-                            child: Text(
-                              title,
-                              style: TextStyle(
-                                fontSize: 16.0,
-                                fontWeight: FontWeight.bold,
-                                color: titleColor ?? _titleColor,
+                          if (title != null)
+                            Expanded(
+                              child: Text(
+                                title!,
+                                style: (titleStyle ??
+                                        const TextStyle(
+                                          fontSize: 16.0,
+                                          fontWeight: FontWeight.bold,
+                                        ))
+                                    .copyWith(color: titleColor ?? _titleColor),
                               ),
                             ),
-                          ),
                           if (onDismissClicked != null) ...<Widget>[
                             const SizedBox(width: SMALL_SPACE),
                             SmoothCloseButton(
@@ -131,12 +137,13 @@ class SmoothBanner extends StatelessWidget {
                     ),
                   Padding(
                     padding: const EdgeInsetsDirectional.symmetric(
-                        horizontal: MEDIUM_SPACE),
+                      horizontal: MEDIUM_SPACE,
+                    ),
                     child: TextWithBoldParts(
                       text: content,
-                      textStyle: TextStyle(
-                        fontSize: 14.0,
-                        height: 1.6,
+                      textStyle: (contentStyle ??
+                              const TextStyle(fontSize: 14.0, height: 1.6))
+                          .copyWith(
                         color: contentColor ?? const Color(0xFF373737),
                       ),
                     ),
diff --git a/packages/smooth_app/lib/widgets/smooth_explanation_banner.dart b/packages/smooth_app/lib/widgets/smooth_explanation_banner.dart
index 05f899e934f0..de6e51333775 100644
--- a/packages/smooth_app/lib/widgets/smooth_explanation_banner.dart
+++ b/packages/smooth_app/lib/widgets/smooth_explanation_banner.dart
@@ -145,12 +145,10 @@ class ExplanationBodyTitle extends StatelessWidget {
 class ExplanationBodyInfo extends StatelessWidget {
   const ExplanationBodyInfo({
     required this.text,
-    this.icon = true,
     this.safeArea = false,
   });
 
   final String text;
-  final bool icon;
   final bool safeArea;
 
   @override
@@ -160,45 +158,23 @@ class ExplanationBodyInfo extends StatelessWidget {
     final bool lightTheme = context.lightTheme();
 
     return ColoredBox(
-      color: lightTheme ? extension.primaryMedium : extension.primaryTone,
+      color: lightTheme ? extension.primaryLight : extension.primarySemiDark,
       child: ClipRect(
         child: Padding(
           padding: EdgeInsetsDirectional.only(
             bottom: safeArea ? MediaQuery.viewPaddingOf(context).bottom : 0.0,
           ),
-          child: Row(
-            crossAxisAlignment: CrossAxisAlignment.end,
-            children: <Widget>[
-              if (icon)
-                Align(
-                  alignment: AlignmentDirectional.bottomCenter,
-                  child: icons.AppIconTheme(
-                    color: lightTheme
-                        ? extension.primaryNormal
-                        : extension.primaryMedium,
-                    child: Transform.translate(
-                      offset: const Offset(-17.0, 09.0),
-                      child: const icons.Info(size: 55.0),
-                    ),
-                  ),
-                ),
-              Expanded(
-                child: Padding(
-                  padding: EdgeInsetsDirectional.only(
-                    start: icon ? SMALL_SPACE : LARGE_SPACE,
-                    end: LARGE_SPACE,
-                    top: MEDIUM_SPACE,
-                    bottom: MEDIUM_SPACE,
-                  ),
-                  child: TextWithBoldParts(
-                    text: text,
-                    textStyle: TextStyle(
-                      color: lightTheme ? extension.primaryDark : Colors.white,
-                    ),
-                  ),
-                ),
+          child: Padding(
+            padding: const EdgeInsetsDirectional.symmetric(
+              horizontal: LARGE_SPACE,
+              vertical: MEDIUM_SPACE,
+            ),
+            child: TextWithBoldParts(
+              text: text,
+              textStyle: TextStyle(
+                color: lightTheme ? extension.primaryDark : Colors.white,
               ),
-            ],
+            ),
           ),
         ),
       ),
@@ -290,6 +266,7 @@ class _ExplanationContainerTitle extends StatelessWidget {
         start: LARGE_SPACE,
         end: LARGE_SPACE,
         top: MEDIUM_SPACE,
+        bottom: VERY_SMALL_SPACE,
       ),
       child: DecoratedBox(
         decoration: BoxDecoration(
@@ -312,6 +289,7 @@ class _ExplanationContainerTitle extends StatelessWidget {
                   label,
                   style: TextStyle(
                     color: foregroundColor,
+                    fontSize: 16.0,
                     fontWeight: FontWeight.bold,
                   ),
                 ),
@@ -390,9 +368,7 @@ class _ExplanationBodyListItem extends StatelessWidget {
               ],
               DecoratedBox(
                 decoration: BoxDecoration(
-                  color: lightTheme
-                      ? extension.primaryLight
-                      : extension.primaryMedium,
+                  color: iconBackgroundColor,
                   borderRadius: ROUNDED_BORDER_RADIUS,
                 ),
                 child: Padding(
@@ -402,7 +378,14 @@ class _ExplanationBodyListItem extends StatelessWidget {
                   ),
                   child: TextWithBoldParts(
                     text: example,
-                    textStyle: const TextStyle(color: Colors.black),
+                    textStyle: const TextStyle(
+                      color: Colors.white,
+                      fontWeight: FontWeight.w600,
+                    ),
+                    highlightedTextStyle: const TextStyle(
+                      color: Colors.white,
+                      fontWeight: FontWeight.w900,
+                    ),
                   ),
                 ),
               )
diff --git a/packages/smooth_app/lib/widgets/smooth_text.dart b/packages/smooth_app/lib/widgets/smooth_text.dart
index 4e5c6a400129..9d3416843934 100644
--- a/packages/smooth_app/lib/widgets/smooth_text.dart
+++ b/packages/smooth_app/lib/widgets/smooth_text.dart
@@ -231,6 +231,7 @@ class TextWithBoldParts extends StatelessWidget {
   const TextWithBoldParts({
     required this.text,
     this.textStyle,
+    this.highlightedTextStyle,
     this.textAlign,
     this.overflow,
     this.maxLines,
@@ -238,6 +239,7 @@ class TextWithBoldParts extends StatelessWidget {
 
   final String text;
   final TextStyle? textStyle;
+  final TextStyle? highlightedTextStyle;
   final TextAlign? textAlign;
   final TextOverflow? overflow;
   final int? maxLines;
@@ -257,7 +259,8 @@ class TextWithBoldParts extends StatelessWidget {
             symbol: r'\*\*',
             symbolLength: 2,
             defaultStyle: defaultTextStyle,
-            highlightedStyle: const TextStyle(fontWeight: FontWeight.bold),
+            highlightedStyle: highlightedTextStyle ??
+                const TextStyle(fontWeight: FontWeight.bold),
           ).map(
             ((String, TextStyle?) part) {
               return TextSpan(
