diff --git a/android-client-common/src/main/res/color/ic_launcher_shadow.xml b/android-client-common/src/main/res/color/ic_launcher_shadow.xml
index 34871d8cd..1c38e3d6e 100644
--- a/android-client-common/src/main/res/color/ic_launcher_shadow.xml
+++ b/android-client-common/src/main/res/color/ic_launcher_shadow.xml
@@ -15,10 +15,10 @@
   -->
 
 <gradient xmlns:android="http://schemas.android.com/apk/res/android"
-          android:endColor="#0000"
-          android:endX="36.814"
-          android:endY="41.655"
-          android:startColor="#F000"
-          android:startX="18.691"
-          android:startY="13.748"
-          android:type="linear"/>
+      android:endColor="#0000"
+      android:endX="90"
+      android:endY="90"
+      android:startColor="#F000"
+      android:startX="60"
+      android:startY="60"
+      android:type="linear"/>
diff --git a/android-client-common/src/main/res/drawable-v26/ic_launcher_background.xml b/android-client-common/src/main/res/drawable-v26/ic_launcher_background.xml
index 688d72129..c4331e356 100644
--- a/android-client-common/src/main/res/drawable-v26/ic_launcher_background.xml
+++ b/android-client-common/src/main/res/drawable-v26/ic_launcher_background.xml
@@ -15,23 +15,20 @@
   -->
 
 <vector xmlns:android="http://schemas.android.com/apk/res/android"
-        android:height="108dp"
-        android:viewportHeight="48.0"
-        android:viewportWidth="48.0"
-        android:width="108dp">
+    android:width="108dp"
+    android:height="108dp"
+    android:viewportHeight="108"
+    android:viewportWidth="108">
     <path
         android:fillColor="#3c6cae"
-        android:pathData="M0,0h48v48H0z"/>
+        android:pathData="M0 108h108V0H0z" />
     <path
         android:fillColor="#f0bd1a"
-        android:pathData="M32.45,28.84a5.79,5.76 0,1 0,11.58 0a5.79,5.76 0,1 0,-11.58 0z"/>
-    <path
-        android:fillColor="#f0bd1a"
-        android:pathData="M13.75,5.4a6.82,6.77 0,1 0,13.64 0a6.82,6.77 0,1 0,-13.64 0z"/>
+        android:pathData="M 87.232 62.288 C 87.232 67.54 82.969 71.799 77.711 71.799 C 72.452 71.799 68.19 67.54 68.19 62.288 C 68.19 57.035 72.452 52.776 77.71 52.776 C 82.97 52.776 87.232 57.036 87.232 62.288 Z M 59.415 23.196 C 59.415 29.379 54.398 34.392 48.208 34.392 C 42.018 34.392 37 29.379 37 23.196 C 37 17.013 42.019 12 48.208 12 C 54.398 12 59.415 17.013 59.415 23.196 Z M 26.415 95.196 C 26.415 100.826 21.846 105.392 16.208 105.392 C 10.57 105.392 6 100.827 6 95.196 C 6 89.566 10.57 85 16.208 85 C 21.846 85 26.415 89.565 26.415 95.196 Z M 96.428 108.196 C 96.428 117.692 88.722 125.392 79.214 125.392 C 69.708 125.392 62 117.692 62 108.196 C 62 98.699 69.708 91 79.214 91 C 88.722 91 96.428 98.7 96.428 108.196 Z M 29.428 -7.804 C 29.428 1.692 21.722 9.392 12.214 9.392 C 2.708 9.392 -5 1.692 -5 -7.804 C -5 -17.301 2.708 -25 12.214 -25 C 21.722 -25 29.428 -17.3 29.428 -7.804 Z M 133.428 70.196 C 133.428 79.692 125.722 87.392 116.214 87.392 C 106.708 87.392 99 79.692 99 70.196 C 99 60.699 106.708 53 116.214 53 C 125.722 53 133.428 60.7 133.428 70.196 Z" />
     <path
         android:fillColor="#5999c6"
-        android:pathData="M-13.79,-140.2c11.05,0 21.76,2.15 31.84,6.38a81.94,81.94 0,0 1,26.01 17.43,82.07 82.07,0 0,1 10,12.04 81.09,81.09 0,0 1,7.54 13.8c4.26,10.01 6.42,20.65 6.42,31.64S65.86,-37.29 61.6,-27.28a81.09,81.09 0,0 1,-7.54 13.8A82.07,82.07 0,0 1,18.05 15.99C7.97,20.22 -2.74,22.37 -13.79,22.37s-21.76,-2.15 -31.84,-6.38a81.94,81.94 0,0 1,-26.01 -17.43,82.07 82.07,0 0,1 -10,-12.04 81.09,81.09 0,0 1,-7.54 -13.8c-4.26,-10.01 -6.42,-20.65 -6.42,-31.63s2.16,-21.63 6.42,-31.63a81.09,81.09 0,0 1,7.54 -13.8,82.07 82.07,0 0,1 36.01,-29.47c10.07,-4.23 20.78,-6.38 31.84,-6.38m0,-18.99c-55.73,0 -100.91,44.89 -100.91,100.27S-69.52,41.36 -13.79,41.36 87.13,-3.54 87.13,-58.92s-45.18,-100.27 -100.92,-100.27z"/>
+        android:pathData="M 0 82.5 C 23.037 82.5 56.363 71.858 84.402 56.619 C 97.997 49.229 109.076 47.821 116.75 50.584 L 127.25 21.416 C 110.664 15.446 90.53 18.005 69.598 29.381 C 56.253 36.635 41.431 42.688 27.966 46.618 C 17.333 49.72 6 46.618 0 43 L 0 82.5 Z" />
     <path
         android:fillColor="#1f292a"
-        android:pathData="M21.02,45.79c-0.01,-0.56 -0.03,-1.08 -0.06,-1.56l-0.04,-0.69 -0.05,-0.63a31.38,31.38 0,0 0,-0.11 -1.06c-0.03,-0.31 -0.07,-0.57 -0.1,-0.79 -0.06,-0.43 -0.1,-0.65 -0.1,-0.65s-0.07,0.22 -0.18,0.63l-0.21,0.76c-0.08,0.3 -0.17,0.64 -0.27,1.02l-0.34,1.26 -0.4,1.48c-0.3,1.05 -1.45,4.74 -1.7,5.39 0.61,-6.94 0.84,-12.05 0.71,-15.92 0.03,-1.69 -0.03,-3.46 -0.3,-5.3l-0.05,-0.37 -0.07,-0.37c-0.05,-0.25 -0.09,-0.49 -0.14,-0.74 -0.05,-0.25 -0.11,-0.49 -0.17,-0.74l-0.2,-0.73a28.31,28.31 0,0 0,-0.98 -2.81,94.31 94.31,0 0,0 -1.1,-2.56 127.12,127.12 0,0 1,-1.29 -3.02l-0.24,-0.6c-0.16,-0.4 -0.31,-0.8 -0.46,-1.19 -0.15,-0.4 -0.3,-0.79 -0.44,-1.19l-0.03,-0.07 -0.01,-0.04 -0.01,-0.02c0.03,0.09 0,0.01 0.01,0.03l-0.05,-0.15 -0.1,-0.31 -0.1,-0.31 -0.05,-0.15c-0.02,-0.05 -0.03,-0.09 -0.04,-0.14 -0.1,-0.35 -0.22,-0.69 -0.31,-1.06 -0.05,-0.18 -0.1,-0.37 -0.14,-0.55l-0.12,-0.55c-0.02,-0.09 -0.04,-0.18 -0.06,-0.27l-0.05,-0.28 -0.1,-0.55 -0.08,-0.54 -0.04,-0.27 -0.03,-0.27 -0.06,-0.53 -0.04,-0.53 -0.02,-0.26 -0.01,-0.26 -0.02,-0.52c-0,-0.34 -0.02,-0.68 -0.01,-1.02l0.01,-0.5 0.02,-0.49c0.06,-1.29 0.22,-2.49 0.4,-3.56 0.19,-1.07 0.41,-2 0.62,-2.76 0.05,-0.19 0.1,-0.37 0.15,-0.54 0.05,-0.17 0.1,-0.33 0.14,-0.48 0.09,-0.3 0.18,-0.55 0.25,-0.76 0.14,-0.41 0.23,-0.63 0.23,-0.63s-0.18,0.16 -0.48,0.48a15.34,15.34 0,0 0,-1.21 1.5,19.95 19.95,0 0,0 -1.55,2.58c-0.13,0.26 -0.27,0.53 -0.39,0.82l-0.19,0.44c-0.06,0.15 -0.12,0.3 -0.18,0.45 -0.13,0.31 -0.23,0.63 -0.35,0.96l-0.16,0.5c-0.05,0.17 -0.11,0.34 -0.16,0.52l-0.15,0.54 -0.13,0.55 -0.07,0.28 -0.05,0.29 -0.11,0.58c-0.03,0.2 -0.06,0.4 -0.09,0.6l-0.04,0.3 -0.03,0.31 -0.06,0.62 -0.04,0.63 -0.02,0.32c-0,0.11 -0,0.22 -0.01,0.32l-0.01,0.65 0.02,0.66 0.01,0.34c0.01,0.11 0.02,0.22 0.03,0.34l0.05,0.68c0.03,0.23 0.06,0.45 0.09,0.68 0.05,0.45 0.15,0.94 0.24,1.42 0.01,0.06 0.02,0.13 0.04,0.18l0.04,0.16 0.07,0.31 0.07,0.32 0.04,0.16 0.06,0.21c0.12,0.44 0.23,0.88 0.36,1.32l0.02,0.05c0.75,2.51 0.7,5.18 -0.1,7.67 -0.63,1.96 -1.28,4.39 -1.47,6.57 -0.31,3.56 -0.22,8.27 0.31,15.17 -0.05,-0.13 -0.97,-3.4 -1.2,-4.94a42.17,42.17 0,0 1,-0.42 -4.54c-0.06,-1.47 -0.06,-2.88 -0.03,-4.19a97.42,97.42 0,0 1,0.16 -3.61c0.03,-0.54 0.07,-1.05 0.1,-1.52 0.03,-0.47 0.07,-0.9 0.1,-1.3 0.07,-0.79 0.12,-1.41 0.16,-1.84l0.06,-0.66s-0.13,0.19 -0.35,0.56a24.73,24.73 0,0 0,-0.89 1.65c-0.18,0.36 -0.36,0.77 -0.56,1.21a35.36,35.36 0,0 0,-2.65 9.51,29.9 29.9,0 0,0 -0.23,5.14c0.08,1.81 0.34,3.7 0.88,5.59 0.07,0.24 0.14,0.47 0.21,0.71 0.08,0.23 0.16,0.47 0.25,0.7 0.09,0.23 0.17,0.47 0.27,0.7 0.05,0.12 0.09,0.23 0.15,0.35l0.17,0.37 0.08,0.18 0.07,0.15 0.15,0.3 0.05,0.11 0.05,0.09 0.09,0.17c0.06,0.11 0.12,0.23 0.19,0.34 0.25,0.45 0.53,0.89 0.82,1.32 0.29,0.43 0.61,0.84 0.94,1.24 0.33,0.4 0.68,0.79 1.04,1.16 0.73,0.74 1.53,1.42 2.43,2.01 0.45,0.3 0.93,0.57 1.44,0.81a8.66,8.66 0,0 0,1.68 0.61c0.31,0.08 0.64,0.13 0.99,0.17 0.35,0.03 0.73,0.03 1.13,-0.02a4.83,4.83 0,0 0,0.8 -0.17l0.1,-0.03 0.05,-0.02 0.02,-0.01 0.08,-0.03 0.08,-0.03 0.03,-0.01 0.06,-0.03c0.34,-0.14 0.65,-0.32 0.93,-0.51a6.29,6.29 0,0 0,1.36 -1.28c0.35,-0.45 0.63,-0.89 0.87,-1.33 0.23,-0.44 0.42,-0.88 0.58,-1.3 0.16,-0.43 0.29,-0.84 0.41,-1.25 0.23,-0.82 0.4,-1.61 0.52,-2.37 0.12,-0.76 0.21,-1.49 0.27,-2.18 0.12,-1.39 0.14,-2.66 0.11,-3.78z"/>
+        android:pathData="M 49.304 87.727 L 49.235 86.582 L 49.15 85.54 A 53.286,53.286,0,0,0,48.975,83.783 C 48.92 83.273 48.86 82.84 48.813 82.488 A 31.543,31.543,0,0,0,48.652,81.41 C 48.542 81.775 48.542 81.775 48.354 82.458 L 48.012 83.712 C 47.879 84.205 47.726 84.772 47.562 85.405 L 47.006 87.492 C 46.801 88.246 46.58 89.061 46.346 89.932 C 45.859 91.664 43.958 97.764 43.554 98.835 C 44.554 87.368 44.93 78.925 44.721 72.516 C 44.771 69.728 44.678 66.801 44.223 63.763 L 44.136 63.16 L 44.026 62.554 C 43.947 62.15 43.884 61.744 43.789 61.34 C 43.699 60.936 43.612 60.529 43.515 60.124 C 43.408 59.722 43.301 59.319 43.192 58.916 C 42.742 57.311 42.175 55.752 41.588 54.278 A 158.352,158.352,0,0,0,39.786,50.048 A 202.889,202.889,0,0,1,38.078,46.049 L 37.671 45.062 L 37.281 44.074 C 37.011 43.419 36.768 42.76 36.518 42.106 C 36.267 41.453 36.032 40.793 35.79 40.144 L 35.711 39.93 L 35.468 39.216 L 35.298 38.711 L 35.212 38.458 C 34.978 37.648 34.782 37.101 34.636 36.475 C 34.559 36.169 34.474 35.866 34.403 35.562 L 34.201 34.652 C 34.168 34.502 34.13 34.351 34.102 34.199 L 34.022 33.746 L 33.855 32.843 L 33.725 31.946 A 41.701,41.701,0,0,0,33.66,31.5 A 365.868,365.868,0,0,0,33.512,30.17 C 33.489 29.875 33.468 29.584 33.444 29.293 L 33.41 28.859 C 33.403 28.715 33.398 28.569 33.392 28.426 L 33.352 27.568 C 33.349 27.001 33.324 26.438 33.341 25.887 L 33.352 25.064 L 33.387 24.257 C 33.479 22.117 33.747 20.14 34.041 18.377 C 34.351 16.617 34.717 15.077 35.057 13.808 C 35.146 13.493 35.225 13.19 35.31 12.911 C 35.392 12.628 35.468 12.362 35.545 12.118 C 35.698 11.625 35.835 11.207 35.948 10.867 C 36.18 10.189 36.32 9.825 36.32 9.825 C 36.32 9.825 36.029 10.083 35.534 10.62 C 35.287 10.888 34.986 11.225 34.656 11.638 C 34.314 12.047 33.949 12.534 33.55 13.093 A 33.12,33.12,0,0,0,31,17.355 C 30.788 17.788 30.561 18.236 30.359 18.709 L 30.043 19.428 L 29.743 20.177 C 29.531 20.682 29.36 21.215 29.161 21.757 L 28.894 22.59 A 17.3,17.3,0,0,0,28.64,23.447 L 28.396 24.333 L 28.181 25.246 L 28.072 25.71 L 27.982 26.181 C 27.922 26.501 27.86 26.819 27.8 27.143 C 27.747 27.467 27.7 27.796 27.652 28.128 L 27.579 28.628 L 27.525 29.135 L 27.418 30.163 C 27.398 30.508 27.378 30.858 27.356 31.21 L 27.324 31.741 C 27.318 31.918 27.318 32.096 27.314 32.275 C 27.311 32.634 27.306 32.995 27.304 33.357 L 27.334 34.455 C 27.343 34.64 27.349 34.823 27.356 35.009 C 27.366 35.195 27.384 35.379 27.396 35.566 C 27.426 35.937 27.458 36.311 27.487 36.688 C 27.528 37.063 27.583 37.438 27.63 37.817 C 27.712 38.562 27.875 39.372 28.025 40.168 C 28.045 40.264 28.063 40.377 28.082 40.459 C 28.181 40.892 28.22 41.066 28.258 41.241 L 28.377 41.765 L 28.439 42.026 L 28.534 42.376 C 28.732 43.096 28.912 43.824 29.129 44.55 A 21.533,21.533,0,0,1,28.989,57.314 C 27.948 60.555 26.881 64.568 26.567 68.17 C 26.052 74.052 26.2 81.836 27.077 93.246 C 27.002 93.039 25.483 87.618 25.109 85.074 A 69.81,69.81,0,0,1,24.421,77.574 C 24.32 75.143 24.321 72.812 24.372 70.644 C 24.422 68.475 24.522 66.469 24.629 64.679 C 24.675 63.783 24.74 62.945 24.795 62.165 C 24.844 61.383 24.915 60.669 24.961 60.017 L 25.221 56.98 L 25.321 55.893 C 25.104 56.209 25.104 56.209 24.741 56.825 C 24.558 57.133 24.339 57.515 24.094 57.97 C 23.844 58.425 23.577 58.956 23.281 59.552 C 22.98 60.149 22.682 60.822 22.351 61.555 A 70.042,70.042,0,0,0,21.364,63.963 A 58.594,58.594,0,0,0,19.439,69.925 A 57.191,57.191,0,0,0,17.989,77.268 A 49.458,49.458,0,0,0,17.604,85.765 C 17.729 88.75 19.102 108.962 22.352 111 C 25.602 113.038 23.348 112.39 23.889 113.051 C 24.429 113.712 24.999 114.351 25.602 114.961 A 25.178,25.178,0,0,0,29.598,118.287 C 30.338 118.777 31.12 119.227 31.962 119.631 C 32.805 120.036 33.709 120.383 34.727 120.634 C 35.237 120.758 35.775 120.855 36.351 120.908 C 36.928 120.958 37.549 120.96 38.203 120.882 A 7.646,7.646,0,0,0,39.515,120.604 L 39.68 120.553 C 39.79 120.517 39.786 120.517 39.8 120.512 L 39.923 120.464 C 39.977 120.444 39.843 120.49 40.053 120.416 L 40.209 120.35 A 8.481,8.481,0,0,0,41.741,119.503 A 10.396,10.396,0,0,0,43.971,117.393 C 44.551 116.654 45.012 115.913 45.395 115.186 C 45.775 114.458 46.085 113.74 46.355 113.038 C 46.62 112.334 46.838 111.645 47.032 110.967 C 47.414 109.612 48.572 101.418 48.773 100.164 A 47.79,47.79,0,0,0,49.211,96.556 C 49.4 94.252 49.437 92.16 49.398 90.31 A 59.375,59.375,0,0,0,49.304,87.727 Z" />
 </vector>
diff --git a/android-client-common/src/main/res/drawable-v26/ic_launcher_foreground.xml b/android-client-common/src/main/res/drawable-v26/ic_launcher_foreground.xml
index 2cae85901..45c7044a8 100644
--- a/android-client-common/src/main/res/drawable-v26/ic_launcher_foreground.xml
+++ b/android-client-common/src/main/res/drawable-v26/ic_launcher_foreground.xml
@@ -15,16 +15,15 @@
   -->
 
 <vector xmlns:android="http://schemas.android.com/apk/res/android"
-        android:height="108dp"
-        android:viewportHeight="48.0"
-        android:viewportWidth="48.0"
-        android:width="108dp">
+    android:width="108dp"
+    android:height="108dp"
+    android:viewportHeight="108"
+    android:viewportWidth="108">
     <path
-        android:fillAlpha="0.4"
+        android:fillAlpha="0.2"
         android:fillColor="@color/ic_launcher_shadow"
-        android:pathData="M30.17,48L13.35,31.24l6.03,-13.42 3.07,3.09 2.97,-2.63 4.61,4.62 2.91,-4.62L48,33.17V48z"
-        android:strokeAlpha="0.4"/>
+        android:pathData="M 79.43 108.96 L 36.794 66.26 L 46.703 44.076 L 51.743 49.178 L 56.622 44.827 L 64.207 52.461 L 68.984 44.827 L 108.74 84.45 L 108.74 108.96 Z" />
     <path
         android:fillColor="#fff"
-        android:pathData="M32.21,26.71c0.06,-0.3 0.17,-0.74 0.36,-1.31l0.57,-1.79c0.2,-0.63 0.37,-1.23 0.53,-1.8 0.15,-0.58 0.23,-1.01 0.23,-1.29 0,-0.97 -0.37,-1.71 -1.12,-2.24 -0.75,-0.53 -1.79,-0.8 -3.11,-0.8 -0.53,0.34 -1.08,0.95 -1.63,1.82 -0.56,0.87 -1.13,1.99 -1.72,3.35l-0.2,0.03c0.06,-0.28 0.12,-0.56 0.2,-0.82 0.04,-0.23 0.08,-0.46 0.13,-0.71 0.05,-0.25 0.07,-0.46 0.07,-0.65 0,-0.95 -0.37,-1.68 -1.09,-2.22 -0.73,-0.53 -1.75,-0.8 -3.05,-0.8 -0.53,0.34 -1.08,0.95 -1.63,1.82 -0.56,0.87 -1.13,1.99 -1.72,3.35l-0.2,0.03c0.08,-0.51 0.17,-1.02 0.28,-1.53 0.11,-0.51 0.22,-0.97 0.31,-1.36l0.34,-1.36 -0.4,-0.6c-0.72,0.06 -1.46,0.11 -2.22,0.17 -0.64,0.04 -1.34,0.08 -2.07,0.11 -0.74,0.04 -1.42,0.06 -2.05,0.06l-0.34,2.33h0.8c0.38,0 0.64,0.09 0.78,0.27 0.14,0.18 0.18,0.5 0.13,0.95a33.29,33.29 0,0 0,-0.14 0.87c-0.06,0.37 -0.12,0.79 -0.2,1.25 -0.08,0.46 -0.16,0.96 -0.24,1.49 -0.09,0.53 -0.17,1.05 -0.24,1.56 -0.21,1.21 -0.43,2.52 -0.65,3.92l0.57,0.65c0.53,0 1.05,-0.04 1.55,-0.11a6.59,6.59 0,0 0,1.32 -0.33c0.38,-0.14 0.69,-0.3 0.92,-0.47 0.24,-0.17 0.37,-0.36 0.41,-0.57l0.2,-1.68c0.3,-0.89 0.62,-1.71 0.94,-2.46 0.32,-0.75 0.63,-1.39 0.91,-1.93 0.28,-0.54 0.54,-0.96 0.78,-1.26 0.24,-0.3 0.43,-0.46 0.58,-0.46 0.36,0 0.54,0.22 0.54,0.65 0,0.13 -0.03,0.35 -0.09,0.65 -0.06,0.3 -0.13,0.65 -0.21,1.05 -0.09,0.4 -0.18,0.83 -0.28,1.29 -0.1,0.47 -0.21,0.92 -0.33,1.38 -0.27,1.08 -0.57,2.27 -0.91,3.58l0.57,0.65c0.53,0 1.05,-0.04 1.55,-0.11a6.91,6.91 0,0 0,1.34 -0.33c0.39,-0.14 0.7,-0.3 0.94,-0.47 0.24,-0.17 0.36,-0.36 0.38,-0.57l0.14,-1.36c0.36,-0.93 0.72,-1.78 1.08,-2.57 0.36,-0.79 0.7,-1.46 1.02,-2.03 0.32,-0.57 0.62,-1.01 0.89,-1.34 0.27,-0.32 0.5,-0.48 0.67,-0.48 0.34,0 0.51,0.27 0.51,0.8 0,0.26 -0.09,0.71 -0.27,1.35 -0.18,0.63 -0.38,1.31 -0.6,2.03 -0.22,0.72 -0.42,1.4 -0.6,2.05 -0.18,0.64 -0.27,1.12 -0.27,1.42 0,0.59 0.15,1.01 0.44,1.28 0.29,0.26 0.77,0.4 1.43,0.4 0.4,0 0.79,-0.07 1.18,-0.21 0.39,-0.14 0.81,-0.38 1.26,-0.73 0.45,-0.34 0.97,-0.79 1.53,-1.35a44.25,44.25 0,0 0,1.99 -2.12l-0.54,-1.36 -0.68,-0.11c-0.57,0.49 -0.94,0.81 -1.11,0.95 -0.17,0.14 -0.29,0.21 -0.37,0.21l-0.09,-0.09z"/>
+        android:pathData="M 67.791 58.775 C 67.885 58.275 68.079 57.553 68.375 56.615 L 69.309 53.656 A 61.09,61.09,0,0,0,70.173,50.675 C 70.422 49.719 70.547 49.007 70.547 48.538 C 70.547 46.941 69.932 45.705 68.702 44.828 C 67.472 43.951 65.766 43.512 63.588 43.512 C 62.715 44.075 61.819 45.078 60.902 46.518 C 59.983 47.958 59.042 49.805 58.076 52.06 L 57.749 52.106 C 57.843 51.636 57.951 51.184 58.076 50.744 C 58.139 50.369 58.208 49.977 58.286 49.571 C 58.364 49.164 58.404 48.804 58.404 48.49 C 58.404 46.925 57.804 45.705 56.605 44.827 C 55.405 43.951 53.732 43.512 51.583 43.512 C 50.712 44.075 49.816 45.078 48.899 46.518 C 47.979 47.958 47.038 49.805 46.073 52.06 L 45.746 52.106 C 45.869 51.261 46.026 50.416 46.213 49.571 C 46.399 48.724 46.57 47.974 46.726 47.316 L 47.286 45.062 L 46.634 44.075 C 45.448 44.169 44.235 44.264 42.989 44.358 C 41.931 44.421 40.795 44.483 39.579 44.546 A 65.375,65.375,0,0,1,36.217,44.639 L 35.657 48.489 L 36.965 48.489 C 37.588 48.489 38.015 48.639 38.248 48.936 C 38.482 49.236 38.553 49.759 38.458 50.509 C 38.396 50.855 38.319 51.331 38.225 51.942 C 38.132 52.552 38.023 53.242 37.898 54.008 C 37.773 54.775 37.642 55.598 37.502 56.474 A 198.37,198.37,0,0,0,37.104,59.056 C 36.761 61.061 36.404 63.221 36.031 65.538 L 36.965 66.618 C 37.835 66.618 38.685 66.554 39.509 66.428 C 40.334 66.305 41.059 66.125 41.682 65.89 C 42.304 65.655 42.81 65.396 43.2 65.115 C 43.59 64.832 43.814 64.52 43.877 64.176 L 44.204 61.404 A 55.437,55.437,0,0,1,45.746,57.342 A 46.26,46.26,0,0,1,47.24,54.149 C 47.707 53.256 48.134 52.56 48.524 52.059 C 48.914 51.559 49.233 51.308 49.482 51.308 C 50.072 51.308 50.37 51.668 50.37 52.388 C 50.37 52.607 50.322 52.967 50.229 53.468 C 50.137 53.968 50.019 54.548 49.879 55.207 C 49.739 55.863 49.583 56.575 49.412 57.342 C 49.241 58.11 49.062 58.869 48.874 59.619 A 423.043,423.043,0,0,1,47.38,65.538 L 48.314 66.618 C 49.187 66.618 50.034 66.554 50.86 66.428 A 11.18,11.18,0,0,0,53.054,65.890 C 53.692 65.655 54.207 65.396 54.596 65.115 C 54.986 64.832 55.196 64.52 55.228 64.176 L 55.461 61.922 A 77.421,77.421,0,0,1,57.235,57.671 A 44.325,44.325,0,0,1,58.916,54.314 C 59.446 53.374 59.937 52.64 60.388 52.106 C 60.84 51.574 61.206 51.308 61.486 51.308 C 62.046 51.308 62.327 51.748 62.327 52.623 C 62.327 53.061 62.177 53.805 61.884 54.853 C 61.586 55.903 61.259 57.021 60.902 58.211 C 60.544 59.401 60.217 60.528 59.921 61.593 C 59.625 62.657 59.477 63.441 59.477 63.94 C 59.477 64.912 59.719 65.616 60.202 66.054 C 60.684 66.492 61.469 66.711 62.561 66.711 C 63.213 66.711 63.859 66.594 64.499 66.359 C 65.137 66.125 65.83 65.725 66.577 65.161 C 67.325 64.598 68.165 63.855 69.1 62.931 C 70.034 62.008 71.124 60.841 72.37 59.433 L 71.482 57.178 L 70.361 56.99 C 69.427 57.805 68.819 58.329 68.539 58.563 C 68.259 58.798 68.056 58.915 67.931 58.915 L 67.791 58.775 Z" />
 </vector>
diff --git a/art/ic_launcher_adaptive_icon.sketch b/art/ic_launcher_adaptive_icon.sketch
new file mode 100644
index 000000000..24eeed998
Binary files /dev/null and b/art/ic_launcher_adaptive_icon.sketch differ
