diff --git a/android/app/src/main/res/drawable-anydpi-v24/notifications_icon.xml b/android/app/src/main/res/drawable-anydpi-v24/notifications_icon.xml
index 8f7a59f7d7..21b574637d 100644
--- a/android/app/src/main/res/drawable-anydpi-v24/notifications_icon.xml
+++ b/android/app/src/main/res/drawable-anydpi-v24/notifications_icon.xml
@@ -1,28 +1,15 @@
 <vector xmlns:android="http://schemas.android.com/apk/res/android"
     android:width="24dp"
     android:height="24dp"
-    android:viewportWidth="80.21739"
-    android:viewportHeight="80.21739"
+    android:viewportWidth="24"
+    android:viewportHeight="24"
     android:tint="#FFFFFF">
-  <group android:translateX="3.2086957"
-      android:translateY="3.2086957">
+  <group android:scaleX="0.15715303"
+      android:scaleY="0.15715303"
+      android:translateX="0.96"
+      android:translateY="0.96">
     <path
-        android:pathData="M60.9,38.5c0.6,-0.1 1.1,-0.4 1.5,-0.8c1.6,-2.1 0.3,-4.7 -1.8,-5c-0.3,0 -0.6,-0.3 -0.6,-0.6c0,-0.1 0,-0.2 0,-0.2c0.3,-0.3 0.6,-0.7 1,-1.3c3.2,-4.3 4.7,-20.1 1.5,-21.3c-3.9,-1.3 -11.8,2.5 -15.2,6.9c-0.2,-0.1 -0.4,-0.4 -0.4,-0.7c0.1,-1.2 -0.5,-2.2 -1.4,-2.7c-1.8,-0.9 -3.5,0 -4.2,1.3c-0.2,0.3 -0.5,0.5 -0.8,0.4c-0.3,0 -0.6,-0.3 -0.6,-0.6c-0.2,-1 -0.8,-1.8 -1.7,-2.2c-1.9,-0.8 -3.9,0.3 -4.2,2.1c-0.1,0.3 -0.3,0.6 -0.6,0.6c-0.3,0.1 -0.6,-0.1 -0.8,-0.4C32,13.1 31,12.5 30,12.5c-1.6,0 -3,1.3 -3.1,2.9c0,0 0,0.1 0,0.1l0,0.1c0,0.3 -0.2,0.6 -0.4,0.7c0,0 -0.1,0 -0.1,0C23.1,12 15.1,8.1 11.1,9.4c-3.2,1.1 -1.7,16.9 1.6,21.2c0.6,0.8 1.1,1.4 1.5,1.8c-0.1,0.3 -0.4,0.6 -0.7,0.6c-0.5,0 -1,0.2 -1.4,0.5c-2.1,2 -0.9,4.8 1.2,5.3c0.3,0.1 0.6,0.4 0.6,0.7c0,0.3 -0.2,0.7 -0.5,0.8c-0.4,0.2 -0.8,0.4 -1.1,0.8c-1.6,2.3 0,4.9 2.2,4.9c0.3,0 0.6,0.2 0.7,0.5c0.1,0.3 0.1,0.6 -0.2,0.8c-0.6,0.6 -0.9,1.4 -0.8,2.2c0.1,1.1 0.8,2.1 1.9,2.6c0.6,0.3 1.2,0.3 1.8,0.2c0.3,-0.1 0.6,0 0.8,0.3c0.2,0.2 0.2,0.6 0.1,0.8c-0.3,0.6 -0.4,1.3 -0.2,2c0.3,1.1 1.1,1.9 2.2,2.2c1,0.2 1.7,-0.1 2.2,-0.3c0.2,-0.1 -1.3,3.6 -2.4,6.1c-0.3,0.8 0.5,1.7 1.4,1.3c3.3,-1.5 8.8,-4.1 8.8,-3.9c0.2,2.1 2.6,3.6 4.9,2.1c0.5,-0.3 0.8,-0.9 0.9,-1.4c0.1,-0.3 0.4,-0.6 0.8,-0.6c0.4,0 0.7,0.2 0.8,0.6c0.1,0.5 0.3,0.9 0.7,1.2c2.3,1.8 4.9,0.3 5.1,-1.9c0,-0.3 0.2,-0.6 0.5,-0.7c0.3,-0.1 0.6,0 0.8,0.2c0.6,0.6 1.3,1 2.1,1c0,0 0,0 0,0c1,0 2,-0.5 2.6,-1.5c0.4,-0.6 0.5,-1.2 0.4,-2c0,-0.3 0.1,-0.6 0.3,-0.8c0.2,-0.2 0.6,-0.2 0.8,0c0.6,0.3 1.3,0.5 2,0.3c1.1,-0.2 2,-1.1 2.3,-2.1c0.2,-0.7 0.1,-1.4 -0.2,-2.1c-0.1,-0.3 -0.1,-0.6 0.1,-0.8c0.2,-0.2 0.5,-0.3 0.8,-0.3c0.7,0.1 1.3,0.1 1.9,-0.2c0.9,-0.4 1.5,-1.2 1.7,-2.2c0.2,-1 -0.1,-1.9 -0.8,-2.6c-0.2,-0.2 -0.3,-0.5 -0.2,-0.8c0.1,-0.3 0.4,-0.5 0.7,-0.5c0.7,0 1.5,-0.2 2,-0.8c1.7,-1.8 0.9,-4.2 -1,-5c-0.3,-0.1 -0.5,-0.4 -0.5,-0.8C60.3,38.8 60.6,38.5 60.9,38.5z"
-        android:fillColor="#4C3D91"/>
-    <path
-        android:pathData="M52.9,17.5c0.2,0.6 0.2,1.2 0,1.8c-0.1,0.3 0,0.6 0.2,0.8c0.2,0.2 0.5,0.3 0.8,0.2c0.4,-0.2 0.8,-0.2 1.2,-0.2c0.9,0 1.7,0.4 2.3,1.2c0.4,0.5 0.7,1.2 0.6,1.9c0,0.6 -0.2,1.1 -0.5,1.6c-0.2,0.2 -0.2,0.6 0,0.8c0.1,0.1 0.2,0.3 0.4,0.3c0.4,-0.1 0.8,-0.4 1.1,-0.8c1.8,-2.5 2.1,-10.4 0.3,-11c-1.8,-0.6 -4.9,0.6 -7.1,2.4C52.6,16.7 52.8,17 52.9,17.5z"
-        android:fillColor="#FFFFFF"/>
-    <path
-        android:pathData="M16.2,26c0.1,-0.1 0.2,-0.2 0.3,-0.3c0.2,-0.3 0.1,-0.6 0,-0.8c-0.5,-0.7 -0.6,-1.5 -0.5,-2.3c0.2,-1.1 1.1,-2 2.2,-2.3c0.6,-0.2 1.2,-0.1 1.8,0.1c0.3,0.1 0.6,0 0.8,-0.2c0.2,-0.2 0.3,-0.5 0.2,-0.8c-0.2,-0.6 -0.2,-1.2 0,-1.8c0.1,-0.4 0.3,-0.8 0.6,-1.1c-2.2,-1.8 -5.5,-3.1 -7.3,-2.5c-1.8,0.6 -1.5,8.5 0.3,11C15,25.6 15.5,25.9 16.2,26z"
-        android:fillColor="#FFFFFF"/>
-    <path
-        android:pathData="M24.9,38.3m-3.7,0a3.7,3.7 0,1 1,7.4 0a3.7,3.7 0,1 1,-7.4 0"
-        android:fillColor="#FFFFFF"/>
-    <path
-        android:pathData="M40.7,38.3c0,2.1 -1.7,3.7 -3.7,3.7c-2.1,0 -3.7,-1.7 -3.7,-3.7S40.7,36.2 40.7,38.3z"
-        android:fillColor="#FFFFFF"/>
-    <path
-        android:pathData="M49,38.3m-3.7,0a3.7,3.7 0,1 1,7.4 0a3.7,3.7 0,1 1,-7.4 0"
-        android:fillColor="#FFFFFF"/>
+        android:pathData="M130.9,0a50.8,50.8 0,0 0,-34.2 18c-0.5,-0.2 -1,-1 -1,-1.7a7,7 0,0 0,-3.5 -6.8,7.8 7.8,0 0,0 -10.6,3.3c-0.5,0.8 -1.3,1.3 -2,1 -0.8,0 -1.5,-0.8 -1.5,-1.5 -0.5,-2.5 -2,-4.5 -4.3,-5.5 -4.8,-2 -9.8,0.8 -10.6,5.3 -0.3,0.8 -0.8,1.5 -1.5,1.5 -0.8,0.3 -1.5,-0.3 -2,-1a8,8 0,0 0,-6.5 -3.8,8 8,0 0,0 -7.8,7.3v0.6c0,0.8 -0.5,1.5 -1,1.8L44,18.5C35.8,7.7 15.6,-2.2 5.6,1c-8.1,2.8 -4.3,42.6 4,53.4 1.5,2 2.8,3.5 3.8,4.5 -0.3,0.8 -1,1.5 -1.8,1.5 -1.3,0 -2.5,0.5 -3.5,1.3a7.7,7.7 0,0 0,3 13.4c0.8,0.3 1.5,1 1.5,1.8s-0.5,1.8 -1.3,2c-1,0.5 -2,1 -2.8,2 -4,5.8 0,12.3 5.5,12.3a2,2 0,0 1,1.8 1.3c0.3,0.8 0.3,1.5 -0.5,2a6.5,6.5 0,0 0,-2 5.5c0.3,2.8 2,5.3 4.8,6.5 1.5,0.8 3,0.8 4.5,0.5 0.8,-0.3 1.5,0 2,0.8 0.5,0.5 0.5,1.5 0.3,2 -0.8,1.5 -1,3.3 -0.5,5a7.7,7.7 0,0 0,5.5 5.5c2.5,0.5 4.3,-0.3 5.5,-0.8 0.5,-0.3 -3.3,9 -6,15.4 -0.8,2 1.3,4.3 3.5,3.3 8.3,-3.8 22.2,-10.3 22.2,-9.8 0.5,5.3 6.5,9 12.3,5.3 1.3,-0.8 2,-2.3 2.3,-3.5 0.3,-0.8 1,-1.5 2,-1.5s1.8,0.5 2,1.5c0.3,1.3 0.8,2.3 1.8,3 5.8,4.5 12.3,0.8 12.8,-4.8a2,2 0,0 1,1.3 -1.8c0.8,-0.3 1.5,0 2,0.5a7.6,7.6 0,0 0,5.3 2.5c2.5,0 5,-1.3 6.5,-3.8 1,-1.5 1.3,-3 1,-5 0,-0.8 0.3,-1.5 0.8,-2s1.5,-0.5 2,0c1.5,0.8 3.3,1.3 5,0.8 2.8,-0.5 5,-2.8 5.8,-5.3 0.5,-1.8 0.3,-3.5 -0.5,-5.3 -0.3,-0.8 -0.3,-1.5 0.3,-2s1.3,-0.8 2,-0.8c1.8,0.3 3.3,0.3 4.8,-0.5 2.3,-1 3.8,-3 4.3,-5.5a7,7 0,0 0,-2 -6.5c-0.5,-0.5 -0.8,-1.3 -0.5,-2 0.3,-0.7 1,-1.3 1.8,-1.3 1.8,0 3.8,-0.5 5,-2a7.6,7.6 0,0 0,-2.5 -12.6c-0.8,-0.3 -1.3,-1 -1.3,-2s0.7,-1.6 1.5,-1.6c1.5,-0.3 2.8,-1 3.8,-2 4,-5.3 0.8,-11.8 -4.5,-12.6 -0.8,0 -1.5,-0.8 -1.5,-1.5v-0.5c0.8,-0.8 1.5,-1.8 2.5,-3.3 8,-10.8 11.8,-50.6 3.8,-53.7 -1.3,-0.5 -2.6,-0.7 -4.1,-0.7zM16.3,12.2c4.6,0.1 11,3 15.5,6.7 -0.7,0.8 -1.2,1.8 -1.5,2.8a7,7 0,0 0,0 4.5c0.3,0.7 0,1.5 -0.5,2s-1.2,0.8 -2,0.5c-1.5,-0.6 -3,-0.8 -4.5,-0.3 -2.7,0.8 -5,3 -5.5,5.8 -0.3,2 0,4 1.3,5.8 0.3,0.5 0.5,1.2 0,2l-0.8,0.8c-1.8,-0.3 -3,-1 -4,-2.5 -4.6,-6.3 -5.4,-26.2 -1,-27.7 1,-0.3 1.9,-0.4 3,-0.4zM123.9,12.4c1,0 2,0 2.9,0.4 4.5,1.5 3.7,21.4 -0.8,27.7 -0.8,1 -1.8,1.7 -2.8,2 -0.5,0 -0.7,-0.5 -1,-0.8 -0.5,-0.5 -0.5,-1.5 0,-2a7,7 0,0 0,1.3 -4c0.3,-1.8 -0.5,-3.5 -1.5,-4.8a7,7 0,0 0,-5.8 -3c-1,0 -2,0 -3,0.5 -0.7,0.3 -1.5,0 -2,-0.5s-0.8,-1.2 -0.5,-2a7,7 0,0 0,0 -4.5c-0.2,-1.3 -0.7,-2.1 -1.8,-2.6a27.6,27.6 0,0 1,15 -6.4zM40.2,64.4a9.3,9.3 0,0 1,9.3 9.4,9.3 9.3,0 0,1 -9.3,9.3 9.3,9.3 0,0 1,-9.3 -9.3,9.3 9.3,0 0,1 9.3,-9.3zM100.9,64.4a9.3,9.3 0,0 1,9.3 9.4,9.3 9.3,0 0,1 -9.3,9.3 9.3,9.3 0,0 1,-9.3 -9.3,9.3 9.3,0 0,1 9.3,-9.3zM70.7,70c4.6,0 9.3,1.2 9.3,3.9a9.3,9.3 0,1 1,-18.6 0c0,-2.5 4.6,-3.9 9.3,-3.9z"
+        android:fillColor="#4d3f92"/>
   </group>
 </vector>
diff --git a/android/app/src/main/res/drawable-hdpi/notifications_icon.png b/android/app/src/main/res/drawable-hdpi/notifications_icon.png
index 1a3a506d64..3ff16e6d2a 100644
Binary files a/android/app/src/main/res/drawable-hdpi/notifications_icon.png and b/android/app/src/main/res/drawable-hdpi/notifications_icon.png differ
diff --git a/android/app/src/main/res/drawable-mdpi/notifications_icon.png b/android/app/src/main/res/drawable-mdpi/notifications_icon.png
index 1a3a506d64..eb0c4a0315 100644
Binary files a/android/app/src/main/res/drawable-mdpi/notifications_icon.png and b/android/app/src/main/res/drawable-mdpi/notifications_icon.png differ
diff --git a/android/app/src/main/res/drawable-xhdpi/notifications_icon.png b/android/app/src/main/res/drawable-xhdpi/notifications_icon.png
index 1a3a506d64..7233042160 100644
Binary files a/android/app/src/main/res/drawable-xhdpi/notifications_icon.png and b/android/app/src/main/res/drawable-xhdpi/notifications_icon.png differ
diff --git a/android/app/src/main/res/drawable-xxhdpi/notifications_icon.png b/android/app/src/main/res/drawable-xxhdpi/notifications_icon.png
index 1a3a506d64..489b245d99 100644
Binary files a/android/app/src/main/res/drawable-xxhdpi/notifications_icon.png and b/android/app/src/main/res/drawable-xxhdpi/notifications_icon.png differ
diff --git a/android/app/src/main/res/drawable-xxxhdpi/notifications_icon.png b/android/app/src/main/res/drawable-xxxhdpi/notifications_icon.png
new file mode 100644
index 0000000000..fcd0f6e4a9
Binary files /dev/null and b/android/app/src/main/res/drawable-xxxhdpi/notifications_icon.png differ
diff --git a/android/app/src/main/res/drawable/notifications_icon.xml b/android/app/src/main/res/drawable/notifications_icon.xml
deleted file mode 100644
index 8f7a59f7d7..0000000000
--- a/android/app/src/main/res/drawable/notifications_icon.xml
+++ /dev/null
@@ -1,28 +0,0 @@
-<vector xmlns:android="http://schemas.android.com/apk/res/android"
-    android:width="24dp"
-    android:height="24dp"
-    android:viewportWidth="80.21739"
-    android:viewportHeight="80.21739"
-    android:tint="#FFFFFF">
-  <group android:translateX="3.2086957"
-      android:translateY="3.2086957">
-    <path
-        android:pathData="M60.9,38.5c0.6,-0.1 1.1,-0.4 1.5,-0.8c1.6,-2.1 0.3,-4.7 -1.8,-5c-0.3,0 -0.6,-0.3 -0.6,-0.6c0,-0.1 0,-0.2 0,-0.2c0.3,-0.3 0.6,-0.7 1,-1.3c3.2,-4.3 4.7,-20.1 1.5,-21.3c-3.9,-1.3 -11.8,2.5 -15.2,6.9c-0.2,-0.1 -0.4,-0.4 -0.4,-0.7c0.1,-1.2 -0.5,-2.2 -1.4,-2.7c-1.8,-0.9 -3.5,0 -4.2,1.3c-0.2,0.3 -0.5,0.5 -0.8,0.4c-0.3,0 -0.6,-0.3 -0.6,-0.6c-0.2,-1 -0.8,-1.8 -1.7,-2.2c-1.9,-0.8 -3.9,0.3 -4.2,2.1c-0.1,0.3 -0.3,0.6 -0.6,0.6c-0.3,0.1 -0.6,-0.1 -0.8,-0.4C32,13.1 31,12.5 30,12.5c-1.6,0 -3,1.3 -3.1,2.9c0,0 0,0.1 0,0.1l0,0.1c0,0.3 -0.2,0.6 -0.4,0.7c0,0 -0.1,0 -0.1,0C23.1,12 15.1,8.1 11.1,9.4c-3.2,1.1 -1.7,16.9 1.6,21.2c0.6,0.8 1.1,1.4 1.5,1.8c-0.1,0.3 -0.4,0.6 -0.7,0.6c-0.5,0 -1,0.2 -1.4,0.5c-2.1,2 -0.9,4.8 1.2,5.3c0.3,0.1 0.6,0.4 0.6,0.7c0,0.3 -0.2,0.7 -0.5,0.8c-0.4,0.2 -0.8,0.4 -1.1,0.8c-1.6,2.3 0,4.9 2.2,4.9c0.3,0 0.6,0.2 0.7,0.5c0.1,0.3 0.1,0.6 -0.2,0.8c-0.6,0.6 -0.9,1.4 -0.8,2.2c0.1,1.1 0.8,2.1 1.9,2.6c0.6,0.3 1.2,0.3 1.8,0.2c0.3,-0.1 0.6,0 0.8,0.3c0.2,0.2 0.2,0.6 0.1,0.8c-0.3,0.6 -0.4,1.3 -0.2,2c0.3,1.1 1.1,1.9 2.2,2.2c1,0.2 1.7,-0.1 2.2,-0.3c0.2,-0.1 -1.3,3.6 -2.4,6.1c-0.3,0.8 0.5,1.7 1.4,1.3c3.3,-1.5 8.8,-4.1 8.8,-3.9c0.2,2.1 2.6,3.6 4.9,2.1c0.5,-0.3 0.8,-0.9 0.9,-1.4c0.1,-0.3 0.4,-0.6 0.8,-0.6c0.4,0 0.7,0.2 0.8,0.6c0.1,0.5 0.3,0.9 0.7,1.2c2.3,1.8 4.9,0.3 5.1,-1.9c0,-0.3 0.2,-0.6 0.5,-0.7c0.3,-0.1 0.6,0 0.8,0.2c0.6,0.6 1.3,1 2.1,1c0,0 0,0 0,0c1,0 2,-0.5 2.6,-1.5c0.4,-0.6 0.5,-1.2 0.4,-2c0,-0.3 0.1,-0.6 0.3,-0.8c0.2,-0.2 0.6,-0.2 0.8,0c0.6,0.3 1.3,0.5 2,0.3c1.1,-0.2 2,-1.1 2.3,-2.1c0.2,-0.7 0.1,-1.4 -0.2,-2.1c-0.1,-0.3 -0.1,-0.6 0.1,-0.8c0.2,-0.2 0.5,-0.3 0.8,-0.3c0.7,0.1 1.3,0.1 1.9,-0.2c0.9,-0.4 1.5,-1.2 1.7,-2.2c0.2,-1 -0.1,-1.9 -0.8,-2.6c-0.2,-0.2 -0.3,-0.5 -0.2,-0.8c0.1,-0.3 0.4,-0.5 0.7,-0.5c0.7,0 1.5,-0.2 2,-0.8c1.7,-1.8 0.9,-4.2 -1,-5c-0.3,-0.1 -0.5,-0.4 -0.5,-0.8C60.3,38.8 60.6,38.5 60.9,38.5z"
-        android:fillColor="#4C3D91"/>
-    <path
-        android:pathData="M52.9,17.5c0.2,0.6 0.2,1.2 0,1.8c-0.1,0.3 0,0.6 0.2,0.8c0.2,0.2 0.5,0.3 0.8,0.2c0.4,-0.2 0.8,-0.2 1.2,-0.2c0.9,0 1.7,0.4 2.3,1.2c0.4,0.5 0.7,1.2 0.6,1.9c0,0.6 -0.2,1.1 -0.5,1.6c-0.2,0.2 -0.2,0.6 0,0.8c0.1,0.1 0.2,0.3 0.4,0.3c0.4,-0.1 0.8,-0.4 1.1,-0.8c1.8,-2.5 2.1,-10.4 0.3,-11c-1.8,-0.6 -4.9,0.6 -7.1,2.4C52.6,16.7 52.8,17 52.9,17.5z"
-        android:fillColor="#FFFFFF"/>
-    <path
-        android:pathData="M16.2,26c0.1,-0.1 0.2,-0.2 0.3,-0.3c0.2,-0.3 0.1,-0.6 0,-0.8c-0.5,-0.7 -0.6,-1.5 -0.5,-2.3c0.2,-1.1 1.1,-2 2.2,-2.3c0.6,-0.2 1.2,-0.1 1.8,0.1c0.3,0.1 0.6,0 0.8,-0.2c0.2,-0.2 0.3,-0.5 0.2,-0.8c-0.2,-0.6 -0.2,-1.2 0,-1.8c0.1,-0.4 0.3,-0.8 0.6,-1.1c-2.2,-1.8 -5.5,-3.1 -7.3,-2.5c-1.8,0.6 -1.5,8.5 0.3,11C15,25.6 15.5,25.9 16.2,26z"
-        android:fillColor="#FFFFFF"/>
-    <path
-        android:pathData="M24.9,38.3m-3.7,0a3.7,3.7 0,1 1,7.4 0a3.7,3.7 0,1 1,-7.4 0"
-        android:fillColor="#FFFFFF"/>
-    <path
-        android:pathData="M40.7,38.3c0,2.1 -1.7,3.7 -3.7,3.7c-2.1,0 -3.7,-1.7 -3.7,-3.7S40.7,36.2 40.7,38.3z"
-        android:fillColor="#FFFFFF"/>
-    <path
-        android:pathData="M49,38.3m-3.7,0a3.7,3.7 0,1 1,7.4 0a3.7,3.7 0,1 1,-7.4 0"
-        android:fillColor="#FFFFFF"/>
-  </group>
-</vector>
