diff --git a/auth/assets/custom-icons/_data/custom-icons.json b/auth/assets/custom-icons/_data/custom-icons.json
index c1fc13f5da5..9662b491180 100644
--- a/auth/assets/custom-icons/_data/custom-icons.json
+++ b/auth/assets/custom-icons/_data/custom-icons.json
@@ -44,6 +44,17 @@
       ],
       "hex": "fd4b2d"
     },
+    {
+      "title": "AzurHosts",
+      "slug": "azurhosts",
+      "altNames": [
+        "minenode"
+      ]
+    },
+    {
+      "title": "AzurWare",
+      "slug": "azuware"
+    },
     {
       "title": "BaiduCloud",
       "slug": "baidu_cloud",
diff --git a/auth/assets/custom-icons/icons/azurhosts.svg b/auth/assets/custom-icons/icons/azurhosts.svg
new file mode 100644
index 00000000000..939cd503c8d
--- /dev/null
+++ b/auth/assets/custom-icons/icons/azurhosts.svg
@@ -0,0 +1,7 @@
+<?xml version="1.0" encoding="UTF-8"?>
+<svg version="1.1" xmlns="http://www.w3.org/2000/svg" width="537" height="537">
+<path d="M0 0 C0.66 0 1.32 0 2 0 C2 60.39 2 120.78 2 183 C38.3 183 74.6 183 112 183 C112 122.61 112 62.22 112 0 C136.75 0 161.5 0 187 0 C187 133.98 187 267.96 187 406 C162.25 406 137.5 406 112 406 C111.20947905 370.82181772 110.90867164 335.68501898 110.9375 300.5 C110.93835602 299.44781784 110.93921204 298.39563568 110.94009399 297.31156921 C110.95154167 284.20769598 110.97170031 271.10384728 111 258 C110.37187408 258.00222061 109.74374817 258.00444122 109.09658813 258.00672913 C102.24408575 258.02976281 95.391595 258.04428842 88.5390625 258.05493164 C86.01920117 258.05980413 83.49934236 258.06649544 80.97949219 258.07543945 C54.63410074 258.16624879 28.35453865 257.52709077 2 257 C2 306.17 2 355.34 2 406 C-22.75 406 -47.5 406 -73 406 C-73.495 298.585 -73.495 298.585 -74 189 C-83.09220733 199.50266347 -83.09220733 199.50266347 -91.75 210.3125 C-95.35769281 214.97216648 -99.08751872 219.44337762 -103.05078125 223.80859375 C-106.0059196 227.13090359 -108.78077766 230.59472771 -111.58203125 234.046875 C-114.18689042 237.22825389 -116.83660216 240.36767783 -119.5 243.5 C-122.87291923 247.46896282 -126.21176849 251.46017272 -129.5 255.5 C-132.78823612 259.53983295 -136.12726442 263.53087671 -139.5 267.5 C-143.64047386 272.37363056 -147.71598235 277.29467351 -151.75390625 282.25390625 C-154.9867711 286.20643493 -158.26519072 290.12048982 -161.5390625 294.0390625 C-163.83635272 296.80310375 -166.10892486 299.58535516 -168.375 302.375 C-171.85336041 306.63998608 -175.40852229 310.83054442 -179 315 C-184.09950776 320.92120657 -189.07985702 326.92852557 -194 333 C-199.23811322 339.44618257 -204.53541223 345.83424852 -209.91357422 352.16357422 C-212.81219839 355.58020732 -215.67140579 359.02486997 -218.5 362.5 C-221.7882374 366.53983452 -225.12731461 370.53083277 -228.5 374.5 C-234.24572725 381.26471316 -239.86102141 388.13125888 -245.453125 395.0234375 C-246.25234375 396.00570313 -247.0515625 396.98796875 -247.875 398 C-248.59429687 398.886875 -249.31359375 399.77375 -250.0546875 400.6875 C-250.69664062 401.450625 -251.33859375 402.21375 -252 403 C-252.38420609 403.53567093 -252.76841217 404.07134186 -253.16426086 404.62324524 C-255.98828449 406.74118667 -258.92797494 406.39280719 -262.31713867 406.34057617 C-263.05884811 406.34101425 -263.80055756 406.34145233 -264.56474304 406.34190369 C-267.01608616 406.33981383 -269.46674513 406.31647419 -271.91796875 406.29296875 C-273.61761603 406.28737348 -275.31726815 406.28310306 -277.016922 406.28010559 C-281.49031941 406.26865134 -285.96342459 406.23917927 -290.43670654 406.20599365 C-295.00138394 406.17530521 -299.56610855 406.16160288 -304.13085938 406.14648438 C-313.08736797 406.11431005 -322.04365969 406.06310675 -331 406 C-329.18621867 402.93755505 -327.3845005 400.087985 -325.1015625 397.35546875 C-324.54621826 396.68660645 -323.99087402 396.01774414 -323.41870117 395.32861328 C-322.82677979 394.6220459 -322.2348584 393.91547852 -321.625 393.1875 C-320.36279559 391.66837214 -319.10108859 390.14883088 -317.83984375 388.62890625 C-316.88053955 387.47479248 -316.88053955 387.47479248 -315.90185547 386.29736328 C-312.9729846 382.75940759 -310.07897552 379.19353331 -307.1875 375.625 C-306.11336409 374.30071405 -305.03914764 372.97649343 -303.96484375 371.65234375 C-303.46065918 371.03085449 -302.95647461 370.40936523 -302.43701172 369.76904297 C-298.97094979 365.50212405 -295.48424503 361.2520694 -292 357 C-290.49985719 355.16678352 -288.99985918 353.33344854 -287.5 351.5 C-281.5 344.16666667 -275.5 336.83333333 -269.5 329.5 C-268.75234375 328.58605469 -268.0046875 327.67210937 -267.234375 326.73046875 C-265.78702949 324.96177205 -264.33914699 323.19351457 -262.890625 321.42578125 C-258.41418955 315.96093579 -253.952936 310.48399355 -249.5 305 C-245.04475377 299.51316128 -240.58208579 294.03264467 -236.1015625 288.56640625 C-234.67683835 286.82654795 -233.25505291 285.08427984 -231.8359375 283.33984375 C-227.75400014 278.32757085 -223.62477067 273.36171305 -219.4375 268.4375 C-215.62166118 263.94670202 -211.88507063 259.40656235 -208.22265625 254.7890625 C-200.24702838 244.78098113 -192.1109655 234.89838197 -184 225 C-182.49985719 223.16678352 -180.99985918 221.33344854 -179.5 219.5 C-178.75492188 218.58992187 -178.00984375 217.67984375 -177.2421875 216.7421875 C-175.7659514 214.93675589 -174.29193264 213.12950859 -172.8203125 211.3203125 C-168.72462646 206.29180117 -164.57906963 201.31279539 -160.375 196.375 C-156.82340661 192.19956782 -153.38399306 187.96475347 -150.05078125 183.61328125 C-146.62869067 179.25256011 -143.07759235 174.99798236 -139.546875 170.72509766 C-135.40429661 165.70999416 -131.28505374 160.6769529 -127.1875 155.625 C-123.63323882 151.24317162 -120.07599022 146.86414107 -116.5 142.5 C-112.82124971 138.00976067 -109.15892134 133.50639402 -105.5 129 C-97.42637966 119.05852419 -89.30756873 109.15511764 -81.16357422 99.27124023 C-76.42943983 93.5246662 -71.71086465 87.76566926 -67 82 C-65.96552734 80.73736328 -65.96552734 80.73736328 -64.91015625 79.44921875 C-60.42686243 73.97684383 -55.95939616 68.4918482 -51.5 63 C-45.22998157 55.27946162 -38.94684535 47.57022048 -32.6171875 39.8984375 C-26.99055019 33.07792869 -21.37065205 26.25660322 -15.8671875 19.3359375 C-12.95842241 15.69693849 -10.00660911 12.09370159 -7.046875 8.49609375 C-5.81750903 6.99692418 -4.59605093 5.49114182 -3.390625 3.97265625 C-2.3030587 2.61319837 -1.15880585 1.29926717 0 0 Z " fill="#0086CB" transform="translate(336,83)"/>
+<path d="M0 0 C24.75 0 49.5 0 75 0 C75 133.98 75 267.96 75 406 C50.25 406 25.5 406 0 406 C-0.79052095 370.82181772 -1.09132836 335.68501898 -1.0625 300.5 C-1.06121597 298.92172676 -1.06121597 298.92172676 -1.05990601 297.31156921 C-1.04845833 284.20768775 -1.02537324 271.10386989 -1 258 C-17.83 258 -34.66 258 -52 258 C-52.04010881 239.57223038 -52.04010881 239.57223038 -52.04882812 231.74414062 C-52.05481629 226.39330052 -52.06191588 221.04247745 -52.07543945 215.69165039 C-52.08626929 211.37988027 -52.09227704 207.06812841 -52.09487724 202.75634575 C-52.09673132 201.10763702 -52.1003516 199.45892934 -52.10573006 197.81022835 C-52.11294178 195.50896128 -52.11399089 193.2077706 -52.11352539 190.90649414 C-52.115746 189.5941127 -52.11796661 188.28173126 -52.12025452 186.92958069 C-52 184 -52 184 -51 183 C-34.17 183 -17.34 183 0 183 C0 122.61 0 62.22 0 0 Z " fill="#1D61A3" transform="translate(448,83)"/>
+<path d="M0 0 C0.66 0 1.32 0 2 0 C2 60.39 2 120.78 2 183 C21.47 183 40.94 183 61 183 C60.67 207.75 60.34 232.5 60 258 C40.86 257.67 21.72 257.34 2 257 C2 306.17 2 355.34 2 406 C-11.53 406 -25.06 406 -39 406 C-39.33106574 360.70777696 -39.61959554 315.41554531 -39.84177024 270.12264813 C-39.86804657 264.77422788 -39.89471693 259.42580966 -39.92163086 254.07739258 C-39.92698227 253.01262852 -39.93233368 251.94786446 -39.93784725 250.85083482 C-40.02541218 233.61505804 -40.14488883 216.37964293 -40.27618057 199.1441501 C-40.41020834 181.45612371 -40.50989239 163.76814362 -40.5777635 146.07973844 C-40.62071754 135.16674444 -40.69038648 124.25459492 -40.79434364 113.34200875 C-40.8630845 105.85664047 -40.89843428 98.37157596 -40.90768219 90.88589969 C-40.9139978 86.56810181 -40.93488267 82.25168855 -40.99547386 77.9342823 C-41.05069514 73.97628375 -41.06369625 70.0204066 -41.04402225 66.06209246 C-41.04422102 64.63516789 -41.0595251 63.20814264 -41.09199382 61.7815875 C-41.29604186 52.33023501 -39.69607906 47.14642483 -33.182661 40.18882638 C-32.46238287 39.46651368 -31.74210474 38.74420097 -31 38 C-30.12918341 36.96981115 -29.26979272 35.92957468 -28.43359375 34.87109375 C-27.77488281 34.06800781 -27.11617188 33.26492187 -26.4375 32.4375 C-22.94101712 28.16536754 -19.48571819 23.86233738 -16.04296875 19.546875 C-13.07071401 15.84150197 -10.06475026 12.16437316 -7.046875 8.49609375 C-5.81750903 6.99692418 -4.59605093 5.49114182 -3.390625 3.97265625 C-2.3030587 2.61319837 -1.15880585 1.29926717 0 0 Z " fill="#0774BB" transform="translate(336,83)"/>
+<path d="M0 0 C0 60.39 0 120.78 0 183 C19.47 183 38.94 183 59 183 C58.67 207.75 58.34 232.5 58 258 C38.86 257.67 19.72 257.34 0 257 C0 306.17 0 355.34 0 406 C-2.31 406 -4.62 406 -7 406 C-7.11438597 355.14452472 -7.20251868 304.28906242 -7.25532665 253.43348386 C-7.26158036 247.43270648 -7.26805195 241.43192935 -7.2746582 235.43115234 C-7.27596976 234.2364803 -7.27728131 233.04180825 -7.2786326 231.81093402 C-7.30040302 212.45416786 -7.33983357 193.09747576 -7.38576398 173.74075358 C-7.43248307 153.88641135 -7.46028577 134.03210798 -7.47044247 114.17771304 C-7.47731106 101.92149159 -7.49902296 89.66547948 -7.53958233 77.40932246 C-7.56596454 69.01055551 -7.57401125 60.61189717 -7.56750689 52.21309178 C-7.56429696 47.36371668 -7.56929792 42.51470798 -7.59602737 37.66539764 C-7.62031063 33.22757428 -7.62161982 28.79036466 -7.60449447 24.35251339 C-7.60237709 22.74540629 -7.60876166 21.13826131 -7.62441591 19.53122906 C-7.64444538 17.34847829 -7.63369595 15.16795099 -7.61523914 12.98523521 C-7.61713775 11.77240848 -7.61903635 10.55958174 -7.62099248 9.31000268 C-6.88372935 5.38025632 -4.68044293 0 0 0 Z " fill="#106EB5" transform="translate(338,83)"/>
+</svg>
diff --git a/auth/assets/custom-icons/icons/azurware.svg b/auth/assets/custom-icons/icons/azurware.svg
new file mode 100644
index 00000000000..2ef928619bd
--- /dev/null
+++ b/auth/assets/custom-icons/icons/azurware.svg
@@ -0,0 +1,42 @@
+<?xml version="1.0" standalone="no"?>
+<!DOCTYPE svg PUBLIC "-//W3C//DTD SVG 20010904//EN"
+ "http://www.w3.org/TR/2001/REC-SVG-20010904/DTD/svg10.dtd">
+<svg version="1.0" xmlns="http://www.w3.org/2000/svg"
+ width="537.000000pt" height="537.000000pt" viewBox="0 0 537.000000 537.000000"
+ preserveAspectRatio="xMidYMid meet">
+
+<g transform="translate(0.000000,537.000000) scale(0.100000,-0.100000)"
+fill="#000000" stroke="none">
+<path d="M2490 5364 c-19 -2 -78 -9 -130 -15 -219 -25 -457 -86 -675 -174
+-349 -140 -623 -322 -896 -594 -432 -433 -683 -945 -770 -1571 -18 -125 -18
+-525 0 -650 34 -245 91 -463 176 -675 140 -349 322 -623 594 -896 433 -432
+945 -683 1571 -770 125 -18 525 -18 650 0 245 34 463 91 675 176 349 140 623
+322 896 594 432 433 683 945 770 1571 8 56 14 189 14 325 0 297 -25 479 -102
+745 -127 442 -351 819 -682 1151 -425 424 -928 675 -1535 765 -96 14 -481 27
+-556 18z m-833 -1136 c25 -10 11 -13 -111 -24 -217 -20 -348 -69 -449 -169
+-267 -262 -169 -752 266 -1335 81 -108 527 -564 658 -674 611 -507 1296 -850
+1859 -932 157 -22 384 -15 490 16 207 60 338 192 380 380 21 95 21 96 32 76
+16 -29 -10 -150 -50 -229 -50 -101 -125 -174 -235 -226 -541 -262 -1639 130
+-2578 922 l-68 57 -189 0 -189 0 -38 -105 c-29 -82 -42 -106 -59 -110 -11 -3
+-106 -4 -211 -3 l-190 3 1 25 c1 14 70 192 154 395 84 204 154 377 157 386 2
+8 -33 71 -79 140 -151 226 -263 473 -303 666 -31 149 -18 312 36 431 73 167
+253 280 492 311 95 13 193 12 224 -1z m278 -122 c378 -81 818 -271 1210 -524
+229 -148 231 -173 3 -36 -378 227 -745 379 -1033 429 -132 23 -338 24 -422 2
+-132 -35 -225 -105 -271 -205 -38 -82 -42 -209 -12 -335 24 -105 72 -233 85
+-230 4 1 22 37 38 80 16 43 34 84 40 91 7 9 58 12 192 12 161 0 184 -2 197
+-17 8 -10 115 -271 239 -580 123 -310 225 -556 227 -548 2 9 -37 183 -87 388
+-50 204 -111 453 -135 552 -30 125 -41 184 -34 193 15 18 331 17 347 -1 6 -8
+17 -45 25 -83 8 -38 44 -195 80 -349 35 -155 70 -311 76 -348 14 -77 30 -84
+43 -16 5 24 51 202 103 396 52 193 94 358 94 366 0 39 26 47 163 47 73 0 138
+-4 145 -8 10 -7 195 -680 226 -824 9 -39 23 -35 30 10 16 93 180 798 189 810
+12 15 342 18 352 2 8 -12 -343 -1480 -357 -1498 -17 -20 -338 -13 -349 8 -6
+12 -189 671 -217 783 -4 16 -11 28 -16 28 -6 0 -22 -46 -36 -103 -57 -223
+-193 -704 -203 -716 -6 -8 -21 -10 -42 -6 -68 12 -40 -16 93 -94 384 -224 696
+-354 995 -414 149 -30 391 -32 482 -4 171 52 254 145 274 310 3 28 11 50 16
+49 17 -5 17 -147 0 -215 -98 -380 -560 -467 -1235 -233 -318 111 -643 280
+-1012 527 -311 208 -551 413 -807 691 -184 200 -208 230 -311 392 -157 246
+-241 427 -281 605 -65 293 43 516 295 607 141 51 387 54 601 9z"/>
+<path d="M1750 2835 c-9 -24 -7 -33 16 -66 56 -81 69 -73 33 21 -27 72 -36 80
+-49 45z"/>
+</g>
+</svg>
